   0.00000    0.00000    0.00000    0.00000    0.00000    0.00000    0.00000    0.00000    0.00000
   1.00000    0.00000  273.15000    1.72400    0.00000    0.00000    0.00000    0.00000    0.00000
   2.00000   93.70280  445.18000    1.72400  -76.64723  425.58354    2.42921    2.25091    4.68012
   3.00000    0.00000  273.15000    1.72400    0.00000    0.00000    0.00000    0.00000    0.00000
   4.00000   73.71110 1179.67000    1.38600  -29.30522  566.97051   39.04274    2.57307   41.61581
   5.00000    9.25920  573.15000    1.72400    0.00000    0.00000    0.00000    0.00000    0.00000
   6.00000   30.33890 1143.15000    1.52400    6.07831  392.99989   32.04142  581.87422  613.91564
   7.00000    0.21970 1143.15000    1.52400    2.72933   18.17806    1.52282   26.28469   27.80751
   8.00000    0.00000  273.15000    1.52400    0.00000    0.00000    0.00000    0.00000    0.00000
   9.00000   69.11110  298.15000    1.00000    0.00000  476.16926   -2.89524    0.39408   -2.50116
  10.00000   69.11110  356.10000    1.58600    4.06840  479.42754    0.28315    0.39408    0.67724
  11.00000   73.71110 1201.95000    1.58600  -27.40442  565.92088   41.23024    2.57307   43.80331
  13.00000    9.25920  465.44000    2.41300    0.00000    0.00000    0.00000    0.00000    0.00000
  14.00000    9.25920  573.15000    1.72400    0.00000    0.00000    0.00000    0.00000    0.00000
  15.00000   30.33890 1039.01000    1.42400   49.84690  888.32412   60.88192 1274.13135 1335.01327
  16.00000   30.33890  423.15000    1.28600  -47.07867  751.97320    1.20061 1274.13135 1275.33197
  17.00000   11.33690  293.15000   80.00000    0.00000    0.00000    0.00000    0.00000    0.00000
  18.00000   11.33690  811.15000   79.20000    0.00000    0.00000    0.00000    0.00000    0.00000
  19.00000  120.63890  298.15000    1.24100    0.00000    0.00000    0.00000    0.00000    0.00000
  20.00000   24.70750  333.15000    1.10300  -59.73173  720.05409   -4.33135 1268.56761 1264.23626
  21.00000  126.26940  333.15000    1.10300   -0.95432    1.52190   -0.00611    4.83724    4.83113
  22.00000   20.36030  313.15000   30.00000  -62.98924  572.28194   33.79417 1273.75527 1307.54944
  24.00000   20.35310  313.15000   30.00000  -62.99030  572.17669   33.78884 1273.47441 1307.26325
  25.00000    0.01750  320.18000    1.20000    0.00039    0.12092   -0.00044    0.00010   -0.00034
  26.00000    0.01790  313.15000    1.00000    0.00019    0.08697   -0.00052    0.00018   -0.00034
  27.00000    0.00680  313.15000    1.00000    0.00000    0.00000    0.00000    0.00000    0.00000
  28.00000   11.77810  693.15000   30.00000    0.00000    0.00000    0.00000    0.00000    0.00000
  29.00000   32.13060  486.87000   30.00000  -36.16699  634.08534   41.55993 1262.83325 1304.39319
  30.00000   32.13060  623.15000   29.90200  -15.26891  672.06013   52.08520 1262.83325 1314.91846
  31.00000   32.13060  708.04000   29.55700    0.42154  860.84889   75.24617 1566.61852 1641.86469
  32.00000   32.13060  553.10000   29.36100  -29.70390  813.19983   58.13607 1566.61852 1624.75459
  33.00000   32.13060  473.15000   29.06100  -45.10802  783.67044   50.79791 1566.61852 1617.41643
  34.00000   34.85560  298.15000    2.00000    0.00000    0.00000    0.00000    0.00000    0.00000
  35.00000   34.85560  343.15000    1.30000    0.00000    0.00000    0.00000    0.00000    0.00000
  36.00000   32.13060  489.81000   28.71600  -44.48392  853.81020   56.44025 1691.92324 1748.36349
  37.00000   24.20060  313.15000   28.41600  -81.44541  765.45766   45.19113 1699.94503 1745.13616
  38.00000   32.13060  486.87000   30.00000  -36.16699  634.08534   41.55993 1262.83325 1304.39319
  39.00000   32.13060  623.15000   30.00000  -15.26891  671.92115   52.12317 1262.83325 1314.95642
  40.00000    7.93060  313.15000   28.41600    0.00000    0.00000    0.00000    0.00000    0.00000
  41.00000 1015.16669  298.15000    2.00000    0.00000    0.00000    0.00000    0.00000    0.00000
  42.00000 1015.16669  305.15000    1.30000    0.00000    0.00000    0.00000    0.00000    0.00000
  43.00000    1.26350  313.15000   28.41600    0.27165   65.35375    4.03741  151.16388  155.20129
  44.00000   22.93690  313.15000    1.20000 -151.69509  361.47175   -1.74651  585.64281  583.89629
  45.00000   32.13060  553.17000   29.55700  -29.69080  812.86745   58.23997 1566.61852 1624.85849
  46.00000  165.56670  973.42000    1.20000  -42.47944 1241.73605   55.85233    3.29226   59.14459
  47.00000  142.63060  357.30000    1.60000    8.56979  989.55526    0.72539    0.81330    1.53869
  48.00000   32.13060  708.04000   29.55700    0.42154  860.84889   75.24617 1566.61852 1641.86469
  49.00000  142.63060  298.15000    1.00000    0.00000  982.71201   -5.97517    0.81330   -5.16186
  51.00000  165.56670  388.15000    1.20000 -141.85863 1087.22669   -1.32263    3.29226    1.96963
  52.00000   29.84170  293.15000   80.00000    0.00000    0.00000    0.00000    0.00000    0.00000
  53.00000   29.84170  811.15000   80.00000    0.00000    0.00000    0.00000    0.00000    0.00000
  54.00000   29.40000  664.17000   30.00000    0.00000    0.00000    0.00000    0.00000    0.00000
  55.00000   29.40000  773.15000   30.00000    0.00000    0.00000    0.00000    0.00000    0.00000
  56.00000   11.33690  811.15000   79.20000    0.00000    0.00000    0.00000    0.00000    0.00000
  57.00000   41.17780  810.90000   79.20000    0.00000    0.00000    0.00000    0.00000    0.00000
  58.00000   41.17780  664.17000   30.00000    0.00000    0.00000    0.00000    0.00000    0.00000
  59.00000   29.40000  465.44000    2.41300    0.00000    0.00000    0.00000    0.00000    0.00000
  60.00000   20.14060  465.44000    2.41300    0.00000    0.00000    0.00000    0.00000    0.00000
  61.00000   20.14060  323.14000    0.10000    0.00000    0.00000    0.00000    0.00000    0.00000
  63.00000   20.14060  323.14000    0.10000    0.00000    0.00000    0.00000    0.00000    0.00000
  64.00000  775.66669  298.15000    2.00000    0.00000    0.00000    0.00000    0.00000    0.00000
  65.00000  775.66669  312.63000    2.00000    0.00000    0.00000    0.00000    0.00000    0.00000
  66.00000   21.03720  298.15000    1.00000    0.00000    0.00000    0.00000    0.00000    0.00000
  67.00000   41.17780  292.68000    0.10000    0.00000    0.00000    0.00000    0.00000    0.00000
  68.00000   41.17780  293.49000   80.00000    0.00000    0.00000    0.00000    0.00000    0.00000
  70.00000  165.56670  937.16000    1.20000  -49.02107 1234.88758   51.18136    3.29226   54.47362
  71.00000  165.56670  825.28000    1.20000  -68.91421 1212.28822   37.46123    3.29226   40.75350
  72.00000   29.84170  568.15000   80.00000    0.00000    0.00000    0.00000    0.00000    0.00000
  73.00000  165.56670  581.70000    1.20000 -110.50344 1152.67135   12.15635    3.29226   15.44861
  74.00000   29.84170  553.15000   80.00000    0.00000    0.00000    0.00000    0.00000    0.00000
 300.00000   93.70280  445.18000    1.72400  -76.64723  425.58354    2.42921    2.25091    4.68012
1200.00000    0.02470  313.15000    1.00000    0.00021    0.09247   -0.00055    0.00019   -0.00036
1300.00000    0.01750  298.15000    1.00000    0.00000    0.12057   -0.00073    0.00010   -0.00063
1400.00000   73.71110  645.54000    1.38600  -72.65373  518.30921    8.98606    2.57307   11.55913
1700.00000    0.00720  313.15000   30.00000   -0.00424    0.03786    0.00139    0.17041    0.17180
2000.00000   14.06390 1143.15000    1.72400  107.13164  720.26414   60.99442 1001.04928 1062.04371
2300.00000   30.33890  423.15000    1.28600  -47.07867  751.97320    1.20061 1274.13135 1275.33197
3000.00000    0.00000  298.15000    1.58600    0.00000    0.00000    0.00000    0.00000    0.00000
10000.00000    4.34750  313.19000    1.10300    0.00000    0.00000    0.00000    0.00000    0.00000
50000.00000   32.13060  313.15000   28.41600  -81.06177  761.86086   44.97836 1691.92324 1736.90160
