   0.00000    0.00000    0.00000    0.00000   -0.00000    0.00000   -0.00000    0.00000    0.00000
   1.00000  614.50000  288.15000    1.01000   -7.78687 4158.62826   -0.00000    1.73873    1.73873
   2.00000  614.50000  667.21000   17.00000  230.37236 4189.01701  229.40271    1.73873  231.14144
   3.00000   14.00000  288.15000   50.00000  -65.64807  133.09336    8.15800  721.45937  729.61737
   4.00000  628.50000 1547.82000   16.49000  584.93820 4482.17974  642.22651    4.39636  646.62288
   5.00000    0.00000  273.15000    1.05800    0.00000    0.00000    0.00000    0.00000    0.00000
   6.00000  628.50000  860.41000    1.05800  118.05684 4535.71937  159.91771    4.39636  164.31407
  53.00000   14.00000  270.35000   17.00000  -66.19159  138.97383    5.92001  721.45937  727.37938
  54.00000  498.50000  667.21000   17.00000  186.86686 3397.90753  186.08082    1.41057  187.49139
  55.00000  512.50000 1720.84000   16.49000  524.13532 3639.65159  595.41192    4.56116  599.97308
  56.00000  116.00000  667.21000   17.00000   43.48356  790.68661   43.30065    0.32824   43.62889
  57.00000  116.00000  667.22000   16.49000   43.48495  791.69666   43.01099    0.32824   43.33923
