    1.0000
    1.0000
    0.0094
    0.0003
    0.0000
    0.0000
    0.0000
    0.0000
    0.0000
    0.0000
    0.7809
    0.2095
    0.0000
    2.0000
    2.0000
    0.0003
    0.0000
    0.0000
    0.0000
    0.0000
    0.0000
    0.0000
    0.7809
    0.2095
    0.0000
   70.0658
    3.0000
    3.0000
    0.0000
    0.0000
    0.0000
    1.0000
    0.0000
    0.0000
    0.0000
    0.0000
    0.0000
-1129.5887
    4.0000
    4.0000
    4.0000
    0.0000
    0.0000
    0.0000
    0.0000
    0.0000
    0.8146
    0.1321
    0.0000
   43.3432
    5.0000
    0.0000
    5.0000
    5.0000
    0.0000
    0.0000
    0.0000
    0.0000
    0.0000
    0.0000
    0.0000
    0.0000
    6.0000
    0.0000
    0.0000
    6.0000
    6.0000
    0.0000
    0.0000
    0.0000
    0.8146
    0.1321
    0.0000
 -162.7526
   53.0000
    0.0000
    0.0000
    0.0000
    7.0000
    7.0000
    0.0000
    0.0000
    0.0000
    0.0000
    0.0000
-1129.5887
   54.0000
    0.0000
    0.0000
    0.0000
    0.0000
    8.0000
    8.0000
    0.0000
    0.7809
    0.2095
    0.0000
   70.0658
   55.0000
    0.0000
    0.0000
    0.0000
    0.0000
  319.3000
    1.0000
    1.0000
    0.0094
    0.0003
    0.0000
    0.0000
    0.0000
    0.0000
    0.0000
    0.0000
    0.7809
    0.2095
    0.0000
    2.0000
    2.0000
    0.0003
    0.0000
    0.0000
    0.0000
    0.0000
    0.0000
    0.0000
    0.7809
    0.2095
    0.0000
   70.0658
    3.0000
    3.0000
    0.0000
    0.0000
    0.0000
    1.0000
    0.0000
    0.0000
    0.0000
    0.0000
    0.0000
-1129.5887
    4.0000
