 
 
 1.0000       0.000  273.15   0.000         0.000         0.000    0.000    0.000    0.000
 2.0000       0.000  273.15   0.000         0.000         0.000    0.000    0.000    0.000
 3.0000       0.000  273.15 *******         0.000         0.000    0.000    0.000    0.000
 4.0000       0.000  558.65   0.010         0.000         0.000    0.000    0.000    0.000
 5.0000       0.000  273.15   0.000         0.000         0.000    0.000    0.000    0.000
 6.0000       0.010  273.19   0.000         0.000         0.000    0.000    0.000    0.000
 7.0000       0.000  273.15   0.000         0.000         0.000    0.000    0.000    0.000
 8.0000       0.000  273.15   0.000         0.000         0.000    0.000    0.000    0.000
 1.0000       0.000  273.15   0.000         0.000         0.000    0.000    0.000    0.000
 2.0000       0.000  273.15   0.000         0.000         0.000    0.000    0.000    0.000
 3.0000       0.000  273.15 *******         0.000         0.000    0.000    0.000    0.000
