    1.0000
    1.0000
    1.0000
   15.0000
    1.0130
    1.0000
    2.0000
    2.0000
   33.9285
  110.0000
   17.0000
    0.0000
    3.0000
    3.0000
   27.5237
  110.0000
   17.0000
    0.0000
    4.0000
    4.0000
    6.4047
  110.0000
   17.0000
    0.0000
    5.0000
    5.0000
   28.5237
 1490.2230
   16.4900
    0.0000
    6.0000
    6.0000
    6.4047
  110.0000
   16.4900
    0.0000
    7.0000
    7.0000
   34.9285
 1274.3901
   16.4900
    0.0000
    8.0000
    8.0000
    1.0000
   25.0000
   17.0000
    0.0000
