    1.0000
    0.0000
    0.0000
    0.0000
    1.0000
   30.5760
    0.0094
    0.0003
    0.0000
    0.0000
    0.0000
    0.0000
    0.0000
    0.0000
    0.7809
    0.2095
    0.0000
  -23.7723
    2.0000
    0.0000
    0.0000
    0.0000
    0.0000
   42.8180
    0.0094
    0.0003
    0.0000
    0.0000
    0.0000
    0.0000
    0.0000
    0.0000
    0.7809
    0.2095
    0.0000
   70.0658
    3.0000
    0.0000
    0.0000
    0.0000
    0.0000
-1737.8000
    0.0000
    0.0000
    0.0000
    0.0000
    0.0000
    1.0000
    0.0000
    0.0000
    0.0000
    0.0000
    0.0000
-1129.5887
    4.0000
    0.0000
    0.0000
    0.0000
    0.0000
  285.5000
    0.0098
    0.0435
    0.0000
    0.0000
    0.0000
    0.0000
    0.0000
    0.0000
    0.8146
    0.1321
    0.0000
   43.3432
    5.0000
    0.0000
    0.0000
    0.0000
    0.0000
    0.0000
    0.0000
    0.0000
    0.0000
    0.0000
    0.0000
    0.0000
    0.0000
    0.0000
    0.0000
    0.0000
    0.0000
    0.0000
    6.0000
    0.0000
    0.0000
    0.0000
    0.0000
  303.0000
    0.0098
    0.0435
    0.0000
    0.0000
    0.0000
    0.0000
    0.0000
    0.0000
    0.8146
    0.1321
    0.0000
 -162.7526
   53.0000
    0.0000
    0.0000
    0.0000
    0.0000
-1614.7000
    0.0000
    0.0000
    0.0000
    0.0000
    0.0000
    1.0000
    0.0000
    0.0000
    0.0000
    0.0000
    0.0000
-1129.5887
   54.0000
    0.0000
    0.0000
    0.0000
    0.0000
   42.8180
    0.0094
    0.0003
    0.0000
    0.0000
    0.0000
    0.0000
    0.0000
    0.0000
    0.7809
    0.2095
    0.0000
   70.0658
   55.0000
    0.0000
    0.0000
    0.0000
    0.0000
  319.3000
    0.0099
    0.0541
    0.0000
    0.0000
    0.0000
    0.0000
    0.0000
    0.0000
    0.8228
    0.1132
    0.0000
   37.2947
   56.0000
    0.0000
    0.0000
    0.0000
    0.0000
   42.8180
    0.0094
    0.0003
    0.0000
    0.0000
    0.0000
    0.0000
    0.0000
    0.0000
    0.7809
    0.2095
    0.0000
   70.0658
   57.0000
    0.0000
    0.0000
    0.0000
    0.0000
   44.9270
    0.0094
    0.0003
    0.0000
    0.0000
    0.0000
    0.0000
    0.0000
    0.0000
    0.7809
    0.2095
    0.0000
   70.0658
