    1.0000
    1.0000
   15.0000
    1.0130
    1.0000
    0.3994
    0.0129
    0.0005
    0.0000
    0.0000
    0.0000
    0.0000
    0.0000
    0.0000
    0.0000
    0.7552
    0.2314
    0.0000
   15.0745
    2.0000
   33.9285
  110.0000
   17.0000
    0.0000
  238.8466
    0.0129
    0.0005
    0.0000
    0.0000
    0.0000
    0.0000
    0.0000
    0.0000
    0.0000
    0.7552
    0.2314
    0.0000
 3759.9645
    3.0000
   27.5237
  110.0000
   17.0000
    0.0000
  238.8466
    0.0129
    0.0005
    0.0000
    0.0000
    0.0000
    0.0000
    0.0000
    0.0000
    0.0000
    0.7552
    0.2314
    0.0000
 3050.1909
    4.0000
    6.4047
  110.0000
   17.0000
    0.0000
  238.8466
    0.0129
    0.0005
    0.0000
    0.0000
    0.0000
    0.0000
    0.0000
    0.0000
    0.0000
    0.7552
    0.2314
    0.0000
  709.7736
    5.0000
   28.5237
 1490.2230
   16.4900
    0.0000
 1485.3664
    0.0124
    0.0967
    0.0000
    0.0000
    0.0787
    0.0000
    0.0000
    0.0000
    0.0000
    0.7287
    0.0834
    0.0000
52588.7716
    6.0000
    6.4047
  110.0000
   16.4900
    0.0000
  236.4584
    0.0129
    0.0005
    0.0000
    0.0000
    0.0000
    0.0000
    0.0000
    0.0000
    0.0000
    0.7552
    0.2314
    0.0000
  709.7736
    7.0000
   34.9285
 1274.3901
   16.4900
    0.0000
 1217.5282
    0.0125
    0.0790
    0.0000
    0.0000
    0.0643
    0.0000
    0.0000
    0.0000
    0.0000
    0.7336
    0.1106
    0.0000
53298.5452
    8.0000
    1.0000
   25.0000
   17.0000
    0.0000
  401.6316
    0.0000
    0.0000
    0.0000
    0.0000
    0.0000
    0.0000
    1.0000
    0.0000
    0.0000
    0.0000
    0.0000
    0.0000
   54.7778
