 
 
 1.0000     614.500  288.15   1.010        -7.849      4201.050    0.000    1.757    1.757
 2.0000     614.500  667.21  17.000       232.739      4231.747  231.743    1.757  233.500
 3.0000      14.000  288.15  50.000       -65.648       133.093    8.158  721.459  729.617
 4.0000     628.500 1547.82  16.490       641.927      4916.796  704.498    4.821  709.319
 5.0000       0.000  273.15   1.058         0.000         0.000    0.000    0.000    0.000
 6.0000     628.500  860.41   1.058       129.781      4975.544  175.423    4.821  180.244
 53.0000     14.000  270.35  17.000       -66.192       138.974    5.920  721.459  727.379
 54.0000    498.500  667.21  17.000       188.805      3432.915  187.997    1.425  189.422
 55.0000    512.500 1720.84  16.490       586.242      4070.220  665.839    5.098  670.936
 56.0000    116.000  667.21  17.000        43.934       798.833   43.746    0.332   44.078
 57.0000    116.000  667.22  16.490        43.936       799.853   43.454    0.332   43.785
