    1.0000
    1.0000
  614.5000
   15.0000
    1.0100
    1.0000
    2.0000
    2.0000
  614.5000
  394.0600
   17.0000
    1.0000
    3.0000
    3.0000
   14.0000
   15.0000
   50.0000
    1.0000
    4.0000
    4.0000
  628.5000
 1274.6676
   16.4900
    1.0000
    5.0000
    5.0000
    0.0000
    0.0000
    1.0580
    0.0000
    6.0000
    6.0000
  628.5000
  587.2579
    1.0580
    1.0000
   53.0000
   53.0000
   14.0000
   -2.7972
   17.0000
    1.0000
   54.0000
   54.0000
  498.5000
  394.0600
   17.0000
    1.0000
   55.0000
   55.0000
  512.5000
 1447.6895
   16.4900
    1.0000
   56.0000
   56.0000
  116.0000
  394.0600
   17.0000
    1.0000
   57.0000
   57.0000
  116.0000
  394.0713
   16.4900
    1.0000
