   0.00000    0.00000    0.00000    0.00000    0.00000    0.00000    0.00000    0.00000    0.00000
   1.00000    0.00000  273.15000    1.00000    0.00000    0.00000    0.00000    0.00000    0.00000
   2.00000   93.70280  442.61000    1.72400 -498.58664  799.41207   24.01634    2.30224   26.31858
   3.00000    0.00000  273.15000    1.72400    0.00000    0.00000    0.00000    0.00000    0.00000
   4.00000   73.71110 1174.63000    1.12400  -67.66376  619.63068   44.78822    2.54836   47.33659
   5.00000    9.25920  573.15000    1.72400 -119.42629  106.28749    8.30942    0.02313    8.33255
   6.00000   30.33890 1143.15000    1.52400 -177.86388  614.13604   57.89099  578.25475  636.14575
   7.00000    0.00000  273.15000    1.52400    0.00000    0.00000    0.00000    0.00000    0.00000
   8.00000    0.00000  273.15000    1.52400    0.00000    0.00000    0.00000    0.00000    0.00000
   9.00000   69.11110  298.15000    1.00000    0.00000  476.16926    0.07558    0.39408    0.46966
  10.00000   69.11110  356.10000    1.58600    4.06840  479.42754    3.25398    0.39408    3.64806
  11.00000   73.71110 1200.20000    1.32400  -65.27924  618.17602   47.57008    2.54836   50.11844
  12.00000    0.01750  298.15000    1.00000    0.00000    0.12057    0.00002    0.00010    0.00012
  13.00000    9.25920  448.40000    2.00000 -121.75960  101.06527    7.40255    0.02313    7.42568
  14.00000    9.25920  573.15000    1.72400 -119.42629  106.28749    8.30942    0.02313    8.33255
  15.00000   30.33890 1039.01000    1.42400  -67.29114 1029.89296   78.33740 1264.88381 1343.22120
  16.00000   30.33890  423.15000    1.28600 -177.02645  875.60427   10.74604 1264.88381 1275.62985
  17.00000   11.56470  309.44000   80.00000 -182.85752   46.66785    0.19787    0.02889    0.22676
  18.00000   11.56470  811.48000   79.20000 -144.28874  119.88074   18.76855    0.02889   18.79743
  19.00000  120.63890  298.15000    1.24100 -1914.04908  468.41722    0.54804    0.30134    0.84938
  20.00000   24.70750  333.15000    1.10300 -119.73185  776.26112    2.77699 1259.32630 1262.10330
  21.00000  126.26940  333.15000    1.10300 -1981.62638  549.45664    3.04904    5.13771    8.18675
  22.00000   20.36030  313.15000   30.00000  -63.80742  573.06666   40.18524 1264.51171 1304.69695
  23.00000   20.35310  313.15000   30.00000  -63.80819  572.96114   40.17890 1264.23243 1304.41132
  24.00000    0.01750  320.18000    1.20000    0.00039    0.12092    0.00032    0.00010    0.00042
  25.00000    0.01790  313.15000    1.00000   -0.08253    0.11399    0.00022    0.00019    0.00041
  26.00000    0.00680  313.15000    1.00000    0.00000    0.00000    0.00000    0.00000    0.00000
  27.00000   11.77810  693.15000   30.00000 -149.51018  123.73252   16.10808    0.02942   16.13750
  28.00000   32.13060  486.87000   30.00000 -193.07352  769.49176   57.39784 1253.65187 1311.04971
  29.00000   32.13060  623.15000   29.90200 -168.92015  813.37469   69.56459 1253.65187 1323.21646
  30.00000   32.13060  708.04000   29.55700 -116.38486  974.24796   92.23764 1554.94074 1647.17838
  31.00000   32.13060  553.10000   29.36100 -149.43070  921.97712   73.46957 1554.94074 1628.41032
  32.00000   32.13060  473.15000   29.06100 -166.28795  889.65480   65.44117 1554.94074 1620.38191
  33.00000   34.85560  298.15000    2.00000 -553.01424  135.33678    0.16098    0.08706    0.24804
  34.00000   34.85560  343.15000    1.30000 -546.45867  155.82239    1.12091    0.08706    1.20797
  35.00000   32.13060  489.81000   28.71600 -150.55291  948.16901   70.85181 1679.21719 1750.06900
  36.00000   24.20060  313.15000   28.41600  -82.45034  766.42696   53.89682 1687.22480 1741.12162
  37.00000    7.93060  313.15000   28.41600 -125.31010   32.41166    0.11018    0.01981    0.12999
  38.00000   32.13060  486.87000   30.00000 -193.07352  769.49176   57.39784 1253.65187 1311.04971
  39.00000   32.13060  623.15000   30.00000 -168.92015  813.21756   69.60751 1253.65187 1323.25938
  40.00000 1015.16669  298.15000    2.00000 -16106.49836 3941.67354    4.68848    2.53576    7.22425
  41.00000 1015.16669  305.15000    1.30000 -16076.85357 4040.18986    7.42354    2.53576    9.95930
  42.00000    1.26350  313.15000   28.41600    0.27165   65.35375    4.81243  150.00217  154.81460
  43.00000   22.93690  313.15000    1.20000 -153.53855  363.34315    1.17278  581.80934  582.98212
  44.00000  165.56670  973.42000    1.20000 -153.51595 1373.91526   71.42006    3.24209   74.66215
  45.00000   32.13060  553.17000   29.55700 -149.41635  921.61856   73.58187 1554.94074 1628.52261
  46.00000  142.63060  357.30000    1.60000    8.56979  989.55526    6.85654    0.81330    7.66984
  47.00000  142.63060  298.15000    1.00000    0.00000  982.71201    0.15598    0.81330    0.96928
  48.00000   32.13060  708.04000   29.55700 -116.38486  974.24796   92.23764 1554.94074 1647.17838
  49.00000  165.56670  936.21000    1.20000 -161.00412 1366.07193   66.07430    3.24209   69.31639
  50.00000   30.16940  664.17000   30.00000 -384.95576  314.00882   40.07284    0.07536   40.14820
  51.00000   30.16940  773.15000   30.00000 -377.53521  324.35638   44.66696    0.07536   44.74232
  52.00000  165.56670  822.24000    1.20000 -183.57730 1340.36888   50.52191    3.24209   53.76400
  53.00000   30.38330  568.15000   80.00000 -401.43253  281.36236   36.13503    0.07589   36.21092
  54.00000   30.38330  811.15000   80.00000 -379.13122  314.76160   49.31335    0.07589   49.38924
  55.00000  165.56670  573.88000    1.20000 -230.69254 1272.27615   22.00619    3.24209   25.24828
  56.00000   30.38330  309.44000   80.00000 -480.41150  122.60788    0.51985    0.07589    0.59575
  57.00000   30.38330  553.15000   80.00000 -447.70039  199.86987   12.12685    0.07589   12.20274
  58.00000  165.56670  388.15000    1.20000 -264.08696 1202.06555    7.78980    3.24209   11.03189
  59.00000   41.94720  810.90000   79.20000 -523.41958  434.75586   68.03772    0.10478   68.14249
  60.00000   41.94720  664.17000   30.00000 -535.23825  436.59441   55.71684    0.10478   55.82162
  61.00000    0.21970 1143.15000    1.52400    2.72933   18.17806    1.65758   26.08269   27.74027
  62.00000   30.16940  448.40000    2.00000 -396.73125  329.30260   24.11985    0.07536   24.19521
  63.00000   20.91110  448.40000    2.00000 -274.98350  228.24716   16.71802    0.05223   16.77026
  64.00000   20.91110  318.98000    0.10000 -283.96357  231.29242    6.90614    0.05223    6.95837
  65.00000   20.91110  318.98000    0.10000 -329.95780   87.09049    0.30067    0.05223    0.35290
  66.00000  775.66669  298.15000    2.00000 -12306.62351 3011.74664    3.58237    1.93752    5.51989
  67.00000  775.66669  312.36000    1.30000 -12260.59921 3162.72595    8.36667    1.93752   10.30419
  68.00000   21.03720  298.15000    1.00000 -333.77535   81.68346    0.09506    0.05255    0.14761
  69.00000   41.94720  308.54000    0.10000 -663.71327  168.88345    0.36708    0.10478    0.47186
  70.00000   41.94720  309.44000   80.00000 -663.25636  169.27250    0.71771    0.10478    0.82249
 300.00000   93.70280  442.61000    1.72400 -498.58664  799.41207   24.01634    2.30224   26.31858
1200.00000    0.02470  313.15000    1.00000   -0.08773    0.12118    0.00023    0.00020    0.00043
1400.00000   73.71110  643.56000    1.00000 -114.63227  569.19102   11.59731    2.54836   14.14567
1700.00000    0.00720  313.15000   30.00000   -0.00424    0.03786    0.00165    0.17002    0.17167
2000.00000   14.06390 1143.15000    1.72400   82.59389  752.12704   68.78137  993.29607 1062.07744
2300.00000   30.33890  423.15000    1.28600 -177.02645  875.60427   10.74604 1264.88381 1275.62985
3000.00000    0.00000  298.15000    1.58600    0.00000    0.00000    0.00000    0.00000    0.00000
5656.00000   11.56470  811.15000   79.20000 -144.29802  119.86930   18.76239    0.02889   18.79128
7000.00000    0.21970 1143.15000    1.52400    2.72933   18.17806    1.65758   26.08269   27.74027
10000.00000    4.34750  313.19000    1.10300  -68.70388   17.77490    0.04872    0.01086    0.05958
50000.00000   32.13060  313.15000   28.41600 -208.61754  797.72836   53.88005 1679.21719 1733.09724
