   0.00000    0.00000    0.00000    0.00000    0.00000    0.00000    0.00000    0.00000    0.00000
   1.00000    0.00000  273.15000    1.00000    0.00000    0.00000    0.00000    0.00000    0.00000
   2.00000   93.70278  442.61000    1.72400 -498.61610  799.43317   24.01940    2.30205   26.32145
   3.00000    0.00000  273.15000    1.72400    0.00000    0.00000    0.00000    0.00000    0.00000
   4.00000   73.71111 1174.63000    1.12400  -67.62287  619.62453   44.78671    2.54775   47.33445
   5.00000    9.25917  573.15000    1.72400 -119.42586  106.28710    8.30939    0.02313    8.33252
   6.00000   30.33889 1143.15000    1.52400 -177.84649  614.09163   57.88656  578.21868  636.10524
   7.00000    0.00000  273.15000    1.52400    0.00000    0.00000    0.00000    0.00000    0.00000
   8.00000    0.00000  273.15000    1.52400    0.00000    0.00000    0.00000    0.00000    0.00000
   9.00000   69.11111  298.15000    1.00000    0.00000  476.16937    0.07558    0.39408    0.46966
  10.00000   69.11111  356.10000    1.58600    4.06840  479.42764    3.25398    0.39408    3.64806
  11.00000   73.71111 1200.20000    1.32400  -65.23842  618.16983   47.56851    2.54775   50.11626
  12.00000    0.01748  298.15000    1.00000    0.00000    0.12047    0.00002    0.00010    0.00012
  13.00000    9.25917  448.40000    2.00000 -121.75916  101.06491    7.40253    0.02313    7.42565
  14.00000    9.25917  573.15000    1.72400 -119.42586  106.28710    8.30939    0.02313    8.33252
  15.00000   30.33889 1039.01000    1.42400  -67.29112 1029.79999   78.32984 1264.76286 1343.09271
  16.00000   30.33889  423.15000    1.28600 -177.01553  875.52662   10.74520 1264.76286 1275.50806
  17.00000   11.56472  309.44000   80.00000 -182.85786   46.66794    0.19787    0.02889    0.22676
  18.00000   11.56472  811.48000   79.20000 -144.28901  119.88097   18.76858    0.02889   18.79747
  19.00000  120.63889  298.15000    1.24100 -1914.04884  468.41716    0.54804    0.30134    0.84938
  20.00000   24.70750  333.15000    1.10300 -119.71934  776.28988    2.77689 1259.41551 1262.19240
  21.00000  126.26945  333.15000    1.10300 -1981.73123  549.56787    3.04990    5.27882    8.32872
  22.00000   20.36028  313.15000   30.00000  -63.80490  573.12564   40.18924 1264.65980 1304.84904
  23.00000   20.35306  313.15000   30.00000  -63.79220  573.00026   40.18178 1264.36374 1304.54551
  24.00000    0.01748  320.18000    1.20000    0.00039    0.12081    0.00032    0.00010    0.00042
  25.00000    0.01791  313.15000    1.00000   -0.08258    0.11406    0.00022    0.00019    0.00041
  26.00000    0.00680  313.15000    1.00000   -0.10749    0.02781    0.00008    0.00002    0.00009
  27.00000   11.77806  693.15000   30.00000 -149.50963  123.73206   16.10802    0.02942   16.13744
  28.00000   32.13055  486.87000   30.00000 -193.08051  769.46084   57.39533 1253.62521 1311.02054
  29.00000   32.13055  623.15000   29.90200 -168.92799  813.34222   69.56165 1253.62521 1323.18686
  30.00000   32.13055  708.04000   29.55700 -116.39570  974.20639   92.23359 1554.89617 1647.12975
  31.00000   32.13055  553.10000   29.36100 -149.44030  921.93752   73.46624 1554.89617 1628.36240
  32.00000   32.13055  473.15000   29.06100 -166.29688  889.61648   65.43815 1554.89617 1620.33431
  33.00000   34.85556  298.15000    2.00000 -553.01358  135.33662    0.16098    0.08706    0.24804
  34.00000   34.85556  343.15000    1.30000 -546.45801  155.82220    1.12091    0.08706    1.20797
  35.00000   32.13055  489.81000   28.71600 -150.52854  948.13557   70.84990 1679.22883 1750.07874
  36.00000   24.20056  313.15000   28.41600  -82.45457  766.49754   53.90151 1687.38628 1741.28779
  37.00000    7.93056  313.15000   28.41600 -125.30940   32.41148    0.11018    0.01981    0.12999
  38.00000   32.13055  486.87000   30.00000 -193.08051  769.46084   57.39533 1253.62521 1311.02054
  39.00000   32.13055  623.15000   30.00000 -168.92799  813.18509   69.60457 1253.62521 1323.22978
  40.00000 1015.16669  298.15000    2.00000 -16106.49836 3941.67354    4.68848    2.53576    7.22425
  41.00000 1015.16669  305.15000    1.30000 -16076.85357 4040.18986    7.42354    2.53576    9.95930
  42.00000    1.26354  313.15000   28.41600    0.27166   65.35582    4.81258  150.00693  154.81951
  43.00000   22.93694  313.15000    1.20000 -153.52820  363.36687    1.17286  581.87257  583.04543
  44.00000  165.56667  973.42000    1.20000 -153.45587 1373.75203   71.41110    3.24103   74.65213
  45.00000   32.13055  553.17000   29.55700 -149.42595  921.57898   73.57852 1554.89617 1628.47469
  46.00000  142.63055  357.30000    1.60000    8.56954  989.52624    6.85633    0.81328    7.66961
  47.00000  142.63055  298.15000    1.00000    0.00000  982.68319    0.15597    0.81328    0.96925
  48.00000   32.13055  708.04000   29.55700 -116.39570  974.20639   92.23359 1554.89617 1647.12975
  49.00000  165.56667  936.21000    1.20000 -160.94311 1365.90968   66.06600    3.24103   69.30703
  50.00000   30.16944  664.17000   30.00000 -384.95632  314.00928   40.07290    0.07536   40.14826
  51.00000   30.16944  773.15000   30.00000 -377.53576  324.35685   44.66702    0.07536   44.74238
  52.00000  165.56667  822.24000    1.20000 -183.51348 1340.20983   50.51554    3.24103   53.75657
