   0.00000    0.00000    0.00000    0.00000   -0.00000    0.00000    0.00000    0.00000    0.00000
   1.00000  600.44977  288.15000    1.01300  -59.57471 4122.17551    0.00000    0.93464    0.93464
   2.00000  600.44977  666.05000   17.00000  175.18061 4152.52867  226.00905    0.93464  226.94369
   3.00000   14.41942  288.15000   17.00000  -67.61477  145.14245    6.07299  743.08584  749.15883
   4.00000  614.86920 1577.32000   16.49000   98.11498 5035.80977  748.44847    5.55274  754.00121
   5.00000  614.86920  879.55000    1.05800 -443.54331 5080.30387  193.96921    5.55274  199.52195
   6.00000  614.86920  768.05000    1.05600 -524.13468 4982.69453  141.50397    5.55274  147.05671
   7.00000  614.86920  519.87000    1.05000 -695.98502 4714.10897   47.04656    5.55274   52.59930
   8.00000  614.86920  487.60000    1.04800 -717.60278 4671.52502   37.69936    5.55274   43.25210
   9.00000   76.36493  306.03000    0.05000 -1209.09519  304.83603    0.16270    0.19075    0.35345
  10.00000   76.36493  306.11000   10.00000 -1208.99972  304.89841    0.24019    0.19075    0.43094
  11.00000   95.02136  453.04000   10.00000 -1253.68970  959.76878   83.73813    0.23735   83.97548
  12.00000   95.02136  453.51000   33.24100 -1444.79326  537.38892   14.34333    0.23735   14.58068
  13.00000   95.02136  503.87000   31.57900 -1423.15757  582.64165   22.93944    0.23735   23.17679
  14.00000   95.02135  509.87000   31.57900 -1420.47146  587.94080   24.09848    0.23735   24.33583
  15.00000   95.02135  859.55000   30.00000 -1170.56384 1044.29498  142.50764    0.23735  142.74499
  16.00000   18.65643  697.13000   10.00000 -236.10438  206.28325   21.34379    0.04660   21.39039
  17.00000   76.36493  697.13000   10.00000 -966.42813  844.36356   87.36490    0.19075   87.55565
  18.00000   76.36493  306.03000    0.05000 -1034.67938  874.77627   10.35023    0.19075   10.54098
  19.00000 3237.78223  288.15000    1.01300 -51506.01608 12109.41848    0.00000    8.08758    8.08758
  20.00000 3237.78223  301.03000    0.96300 -51331.60033 12701.63932    3.76731    8.08758   11.85490
 100.00000    0.00000  273.15000    0.00000    0.00000    0.00000    0.00000    0.00000    0.00000
 101.00000    0.00000  273.15000    0.00000    0.00000    0.00000    0.00000    0.00000    0.00000
 110.00000    0.00000  273.15000    0.00000    0.00000    0.00000    0.00000    0.00000    0.00000
 111.00000    0.00000  273.15000    0.00000    0.00000    0.00000    0.00000    0.00000    0.00000
 300.00000    0.00000  273.15000    0.00000    0.00000    0.00000    0.00000    0.00000    0.00000
 301.00000    0.00000  273.15000    0.00000    0.00000    0.00000    0.00000    0.00000    0.00000
 302.00000    0.00000  273.15000    0.00000    0.00000    0.00000    0.00000    0.00000    0.00000
