   0.00000    0.00000    0.00000    0.00000   -0.00000    0.00000    0.00000    0.00000    0.00000
   1.00000  616.58740  288.15000    1.01300  -61.21725 4232.98446    0.00000    0.95955    0.95955
   2.00000  616.58740  666.05000   17.00000  179.84819 4264.15359  232.08405    0.95955  233.04361
   3.00000   13.60547  773.15000   50.00000  -43.98916  167.80467   16.64812  701.13996  717.78808
   4.00000  630.19287 1537.17000   16.49000  127.11908 5128.22842  736.41265    5.05220  741.46485
   5.00000  630.19287  853.13000    1.05800 -411.83917 5173.93007  184.28548    5.05220  189.33768
   6.00000  269.22321  853.13000    1.05800 -175.94084 2210.34242   78.72816    2.15834   80.88650
   7.00000  269.22321  720.30000    1.05000 -217.44109 2158.10207   52.28097    2.15834   54.43930
   8.00000  360.96967  853.13000    1.05800 -235.89833 2963.58765  105.55732    2.89386  108.45118
   9.00000  360.96967  722.35000    1.05000 -290.69342 2894.71992   70.60646    2.89386   73.50032
  10.00000  630.19287  721.47000    1.05000 -508.13452 5052.82271  122.88722    5.05220  127.93941
  11.00000  630.19287  614.33000    1.04300 -584.29405 4939.75342   79.30859    5.05220   84.36079
  12.00000  630.19287  531.27000    1.03800 -641.98620 4839.78569   50.42215    5.05220   55.47434
  13.00000  630.19287  530.69000    1.03800 -642.38535 4839.03450   50.23945    5.05220   55.29165
  14.00000  630.19287  510.77000    1.03700 -656.06000 4812.98478   44.07104    5.05220   49.12323
  15.00000  630.19287  507.19000    1.03700 -658.50833 4808.21012   42.99852    5.05220   48.05071
  16.00000  630.19287  502.39000    1.03700 -661.79431 4801.75394   41.57289    5.05220   46.62508
  17.00000  630.19287  429.52000    1.03200 -711.23690 4696.25043   22.53114    5.05220   27.58334
  18.00000  630.19287  368.56000    1.02800 -752.10507 4594.32916   11.03158    5.05220   16.08378
  19.00000   94.59984  306.04000    3.72800 -1497.77257  377.63708    0.23671    0.23630    0.47301
  20.00000   94.59984  408.77000    3.61600 -1456.88090  492.78829    7.94756    0.23630    8.18386
  21.00000   95.42640  413.16000    3.61600 -1263.20053  996.70768   70.46311    0.23836   70.70148
  22.00000   72.43401  413.16000    3.61600 -958.84027  756.55720   53.48547    0.18093   53.66640
  23.00000    7.30481  413.16000    3.61600  -96.69698   76.29717    5.39389    0.01825    5.41214
  24.00000    7.30481  413.64000   25.13100 -112.33499   38.40616    0.67418    0.01825    0.69243
  25.00000    7.30481  489.77000   24.37700 -109.88460   43.84006    1.55879    0.01825    1.57704
  26.00000    7.30481  495.77000   24.37700 -109.68265   44.24984    1.64264    0.01825    1.66089
  27.00000    7.30481  511.27000   23.15800  -95.79868   72.39631    7.41621    0.01825    7.43446
  28.00000   72.43400  577.77000   23.15800 -937.64436  740.51334   79.30429    0.18093   79.48522
  29.00000   72.43400  833.13000   22.00000 -896.12152  801.78165  103.17266    0.18093  103.35359
  30.00000   72.43401  589.88000    4.10000 -932.19997  806.23996   65.80968    0.18093   65.99061
  31.00000   22.16583  487.19000    4.10000 -289.95163  237.99293   17.96845    0.05537   18.02382
  32.00000   22.16583  419.52000    4.31600 -293.24037  230.20429   16.92401    0.05537   16.97937
  33.00000    0.82656  419.52000    4.31600  -10.93491    8.58430    0.63109    0.00206    0.63316
  34.00000   22.99240  413.16000    3.61600 -304.36031  240.15052   16.97765    0.05743   17.03508
  35.00000   22.99240  413.17000    4.31600 -353.65887  120.82499    2.06274    0.05743    2.12017
  36.00000   22.99240  419.52000    4.31600 -304.17527  238.78858   17.55510    0.05743   17.61253
  37.00000   65.12919  413.16000    3.61600 -862.14324  680.26000   48.09157    0.16268   48.25425
  38.00000   65.12919  414.90000  134.56300 -1000.75381  342.54661    6.79312    0.16268    6.95581
  39.00000   65.12919  598.32000  130.52600 -943.02167  456.54764   31.67586    0.16268   31.83855
  40.00000   65.12919  604.32000  130.52600 -866.82023  582.66390   71.53690    0.16268   71.69958
  41.00000   65.12919  833.13000  124.00000 -811.99523  663.21935  103.14985    0.16268  103.31253
  42.00000   65.12919  585.85000   23.15800 -841.84572  667.96427   71.93211    0.16268   72.09479
  43.00000   94.59984  565.77000    4.10000 -1222.15159 1044.85137   83.59990    0.23630   83.83620
  44.00000   94.59984  306.03000    0.05000 -1285.04678 1072.87751   12.62897    0.23630   12.86527
  45.00000   94.59984  306.03000    0.05000 -1497.81071  377.62673    0.20155    0.23630    0.43785
  46.00000 19003.85352  288.23000    1.01300 -274.31594 129730.35731    0.00023   53.62644   53.62668
  47.00000  438.48813  288.15000    1.01300 -6975.38470 1639.96090    0.00000    1.09529    1.09529
  48.00000  271.48364  294.15000    1.01300 -4311.89024 1038.78097    0.07001    0.67813    0.74815
  49.00000 19170.85938  281.95000    1.01300 -2192.22562 131034.36450    1.30993   29.00617   30.31610
  50.00000 27148.36328  296.03000    1.33300 -430975.18787 104599.74642   12.87784   67.81327   80.69111
  51.00000 27148.36328  294.15000    1.01300 -431189.00888 103878.09296    7.00128   67.81327   74.81455
  52.00000 27148.36328  294.15000    1.37400 -431187.95178 103878.34821    7.98483   67.81327   75.79809
