   0.00000    0.00000    0.00000    0.00000   -0.00000    0.00000    0.00000    0.00000    0.00000
   1.00000  596.72852  288.15000    1.01300  -59.24558 4096.64960    0.00000    0.92865    0.92865
   2.00000  596.72852  648.66000   17.00000  162.94368 4109.90995  218.36829    0.92865  219.29693
   3.00000   13.84299  288.15000   50.00000  -64.91182  131.60071    8.06038  713.38040  721.44078
   4.00000  610.57153 1537.17000   16.49000   89.45352 4975.21337  715.49788    5.24990  720.74778
   5.00000  610.57153  854.16000    1.05800 -433.49950 5019.49184  179.78602    5.24990  185.03592
   6.00000  260.84082  854.16000    1.05800 -185.19430 2144.36523   76.80596    2.24280   79.04876
   7.00000  260.84082  721.03000    1.05000 -225.59940 2093.55838   51.04085    2.24280   53.28365
   8.00000  349.73068  854.16000    1.05800 -248.30518 2875.12635  102.98005    3.00710  105.98716
   9.00000  349.73068  722.50000    1.05000 -301.89132 2807.82051   68.78809    3.00710   71.79519
  10.00000  610.57153  721.87000    1.05000 -527.49074 4901.37950  119.82885    5.24990  125.07875
  11.00000  610.57153  614.33000    1.04300 -601.73701 4791.17671   77.33751    5.24990   82.58741
  12.00000  610.57153  530.95000    1.03800 -657.97984 4693.68667   49.18644    5.24990   54.43634
  13.00000  610.57153  530.39000    1.03800 -658.35505 4692.98014   49.01482    5.24990   54.26472
  14.00000  610.57153  510.77000    1.03700 -671.43030 4668.06783   43.11804    5.24990   48.36794
  15.00000  610.57153  507.25000    1.03700 -673.77133 4663.50318   42.09233    5.24990   47.34223
  16.00000  610.57153  502.44000    1.03700 -676.96652 4657.22588   40.70594    5.24990   45.95584
  17.00000  610.57153  429.52000    1.03200 -725.00800 4554.71581   22.20273    5.24990   27.45263
  18.00000  610.57153  368.45000    1.02800 -764.75944 4455.56303   11.02217    5.24990   16.27207
  19.00000   92.01430  306.04000    3.72800 -1456.83644  367.31575    0.23024    0.22984    0.46008
  20.00000   92.01430  408.77000    3.61600 -1417.06239  479.31972    7.73034    0.22984    7.96018
  21.00000   92.81827  413.16000    3.61600 -1228.67556  969.46632   68.53726    0.23185   68.76911
  22.00000   70.47755  413.16000    3.61600 -932.94177  736.12242   52.04081    0.17604   52.21686
  23.00000    6.98460  413.16000    3.61600  -92.45821   72.95264    5.15745    0.01745    5.17490
  24.00000    6.98460  413.64000   25.13100 -107.41072   36.72260    0.64463    0.01745    0.66208
  25.00000    6.98460  489.77000   24.37700 -105.06774   41.91830    1.49046    0.01745    1.50791
  26.00000    6.98460  495.77000   24.37700 -104.87465   42.31012    1.57063    0.01745    1.58808
  27.00000    6.98460  510.95000   23.15800  -91.60573   69.21016    7.08830    0.01745    7.10575
  28.00000   70.47754  578.58000   23.15800 -912.18285  720.74629   77.23024    0.17604   77.40628
  29.00000   70.47754  834.16000   22.00000 -871.75586  780.31872  100.49143    0.17604  100.66748
  30.00000   70.47755  590.67000    4.10000 -906.90688  784.65663   64.09057    0.17604   64.26662
  31.00000   21.53675  487.25000    4.10000 -281.72014  231.24358   17.45950    0.05380   17.51330
  32.00000   21.53675  419.52000    4.31600 -284.91801  223.67093   16.44369    0.05380   16.49749
  33.00000    0.80397  419.52000    4.31600  -10.63604    8.34968    0.61385    0.00201    0.61585
  34.00000   22.34072  413.16000    3.61600 -295.73384  233.34394   16.49645    0.05580   16.55226
  35.00000   22.34072  413.17000    4.31600 -343.63513  117.40045    2.00427    0.05580    2.06008
  36.00000   22.34072  419.52000    4.31600 -295.55404  232.02060   17.05754    0.05580   17.11334
  37.00000   63.49294  413.16000    3.61600 -840.48350  663.16973   46.88336    0.15860   47.04196
  38.00000   63.49294  414.90000  134.56300 -975.61173  333.94076    6.62246    0.15860    6.78105
  39.00000   63.49294  598.32000  130.52600 -919.33000  445.07773   30.88006    0.15860   31.03866
  40.00000   63.49294  604.32000  130.52600 -845.04299  568.02555   69.73966    0.15860   69.89826
  41.00000   63.49294  834.16000  124.00000 -791.42775  646.75826  100.66807    0.15860  100.82667
  42.00000   63.49294  586.65000   23.15800 -820.57709  651.38549   70.18534    0.15860   70.34394
  43.00000   92.01430  566.41000    4.10000 -1188.62700 1016.50887   81.37467    0.22984   81.60451
  44.00000   92.01430  306.03000    0.05000 -1249.85249 1043.79038   12.28802    0.22984   12.51786
  45.00000   92.01430  306.03000    0.05000 -1456.87353  367.30569    0.19604    0.22984    0.42588
  46.00000 18490.91992  288.23000    1.01300 -266.91187 126228.80125    0.00023   52.17901   52.17924
  47.00000  426.65283  288.15000    1.01300 -6787.11108 1595.69647    0.00000    1.06573    1.06573
  48.00000  264.15601  294.15000    1.01300 -4195.50767 1010.74315    0.06812    0.65983    0.72795
  49.00000 18653.41602  281.95000    1.01300 -2133.05495 127497.59755    1.27457   28.22326   29.49783
  50.00000 26415.59961  296.03000    1.33300 -419342.70167 101776.48619   12.53026   65.98291   78.51317
  51.00000 26415.59961  294.15000    1.01300 -419550.75142 101074.31094    6.81231   65.98291   72.79522
  52.00000 26415.59961  294.15000    1.37400 -419549.72285 101074.55930    7.76931   65.98291   73.75222
