   0.00000    0.00000    0.00000    0.00000   -0.00000    0.00000    0.00000    0.00000    0.00000
   1.00000  609.92267  288.15000    1.01300  -60.51458 4187.20835    0.00000    0.94939    0.94939
   2.00000  609.92267  648.66000   17.00000  166.58667 4200.76182  223.19582    0.94939  224.14520
   3.00000   13.89571  288.15000   50.00000  -65.15903  132.10190    8.09107  716.09726  724.18834
   4.00000  623.81842 1523.34000   16.49000   92.76903 5073.28852  721.10993    5.22956  726.33949
   5.00000  623.81842  845.31000    1.05800 -436.19299 5118.56178  179.10242    5.22956  184.33198
   6.00000  266.50000  845.31000    1.05800 -186.34498 2186.68874   76.51392    2.23411   78.74803
   7.00000  266.50000  714.87000    1.05000 -226.68636 2135.48398   50.92720    2.23411   53.16130
   8.00000  357.31842  845.31000    1.05800 -249.84801 2931.87304  102.58850    2.99545  105.58395
   9.00000  357.31842  721.16000    1.05000 -301.36440 2866.80157   69.82245    2.99545   72.81790
  10.00000  623.81842  718.48000    1.05000 -528.05075 5002.29229  120.74773    5.22956  125.97728
  11.00000  623.81842  614.33000    1.04300 -601.41655 4893.16495   78.82696    5.22956   84.05652
  12.00000  623.81842  533.64000    1.03800 -656.99270 4797.09794   50.93253    5.22956   56.16208
  13.00000  623.81842  532.92000    1.03800 -657.48670 4796.17211   50.70530    5.22956   55.93486
  14.00000  623.81842  510.77000    1.03700 -672.56110 4767.49304   43.89477    5.22956   49.12433
  15.00000  623.81842  506.79000    1.03700 -675.26005 4762.22356   42.71423    5.22956   47.94378
  16.00000  623.81842  502.04000    1.03700 -678.48409 4755.88480   41.31670    5.22956   46.54626
  17.00000  623.81842  429.52000    1.03200 -727.25657 4651.77656   22.54301    5.22956   27.77256
  18.00000  623.81842  369.28000    1.02800 -767.28839 4552.04398   11.24913    5.22956   16.47869
  19.00000   92.66360  306.04000    3.72800 -1467.11674  369.90775    0.23186    0.23146    0.46332
  20.00000   92.66360  408.77000    3.61600 -1427.06202  482.70208    7.78489    0.23146    8.01635
  21.00000   93.47325  413.16000    3.61600 -1237.34586  976.30748   69.02090    0.23348   69.25439
  22.00000   70.79257  413.16000    3.61600 -937.11190  739.41279   52.27343    0.17683   52.45026
  23.00000    8.05251  413.16000    3.61600 -106.59451   84.10665    5.94599    0.02011    5.96611
  24.00000    8.05251  413.64000   25.13100 -123.83316   42.33727    0.74319    0.02011    0.76330
  25.00000    8.05251  489.77000   24.37700 -121.13196   48.32736    1.71834    0.02011    1.73846
  26.00000    8.05250  495.77000   24.37700 -120.90934   48.77908    1.81078    0.02011    1.83089
  27.00000    8.05250  513.64000   23.15800 -105.55023   79.91193    8.19895    0.02011    8.21907
  28.00000   70.79256  571.73000   23.15800 -917.41438  721.96114   76.99951    0.17683   77.17634
  29.00000   70.79256  825.31000   22.00000 -877.05179  782.12019  100.02727    0.17683  100.20410
  30.00000   70.79257  583.86000    4.10000 -911.95114  786.47728   63.87255    0.17683   64.04938
  31.00000   21.87103  486.79000    4.10000 -286.11359  234.79016   17.72202    0.05463   17.77665
  32.00000   21.87103  419.52000    4.31600 -289.34033  227.14261   16.69892    0.05463   16.75355
  33.00000    0.80964  419.52000    4.31600  -10.71109    8.40860    0.61818    0.00202    0.62020
  34.00000   22.68068  413.16000    3.61600 -300.23394  236.89467   16.74747    0.05665   16.80413
  35.00000   22.68068  413.17000    4.31600 -348.86413  119.18690    2.03477    0.05665    2.09143
  36.00000   22.68068  419.52000    4.31600 -300.05143  235.55121   17.31710    0.05665   17.37375
  37.00000   62.74007  413.16000    3.61600 -830.51740  655.30615   46.32744    0.15672   46.48415
  38.00000   62.74007  414.90000  134.56300 -964.04334  329.98103    6.54393    0.15672    6.70065
  39.00000   62.74007  598.32000  130.52600 -908.42898  439.80019   30.51390    0.15672   30.67062
  40.00000   62.74007  604.32000  130.52600 -835.02283  561.29015   68.91272    0.15672   69.06944
  41.00000   62.74007  825.31000  124.00000 -783.47908  637.35888   98.53726    0.15672   98.69398
  42.00000   62.74006  579.75000   23.15800 -811.86419  641.91749   68.83852    0.15672   68.99524
  43.00000   92.66360  560.89000    4.10000 -1198.06473 1021.81895   81.43565    0.23146   81.66711
  44.00000   92.66360  306.03000    0.05000 -1259.29974 1049.10532   12.33808    0.23146   12.56954
  45.00000   92.66360  306.03000    0.05000 -1467.15409  369.89761    0.19742    0.23146    0.42889
  46.00000 18565.33594  288.15000    1.01300 -1841.99330 127453.74735    0.00002   28.89821   28.89823
  47.00000  359.53497  288.15000    1.01300 -5719.41311 1344.67334    0.00000    0.89807    0.89807
  48.00000  265.21909  294.15000    1.01300 -4212.39224 1014.81082    0.06840    0.66248    0.73088
  49.00000 18659.65234  288.28000    1.01300 -2929.04475 128467.41086    0.00142   26.63784   26.63926
  50.00000 26521.90820  296.03000    1.33300 -421030.33071 102186.08186   12.58068   66.24846   78.82914
  51.00000 26521.90820  294.15000    1.01300 -421239.21774 101481.08073    6.83972   66.24846   73.08818
  52.00000 26521.90820  294.15000    1.37400 -421238.18504 101481.33009    7.80058   66.24846   74.04903
