   0.00000    0.00000    0.00000    0.00000   -0.00000    0.00000    0.00000    0.00000    0.00000
   1.00000  546.31897  288.15000    1.01300  -54.24072 3750.57891    0.00000    0.85020    0.85020
   2.00000  546.31897  666.05000   17.00000  159.35207 3778.19590  205.63495    0.85020  206.48515
   3.00000   13.41304  288.15000   50.00000  -62.89571  127.51330    7.81003  691.22340  699.03343
   4.00000  559.73206 1595.47000   16.49000   88.16976 4595.60374  693.23609    5.21448  698.45057
   5.00000  559.73206  853.78000    1.05800 -436.15821 4607.49363  165.48205    5.21448  170.69653
   6.00000  239.12180  853.78000    1.05800 -186.33011 1968.35636   70.69519    2.22767   72.92286
   7.00000  239.12180  720.79000    1.05000 -223.44257 1921.67088   47.03515    2.22767   49.26281
   8.00000  320.61023  853.78000    1.05800 -249.82808 2639.13702   94.78685    2.98681   97.77366
   9.00000  320.61023  722.45000    1.05000 -298.97567 2577.39025   63.43159    2.98681   66.41840
  10.00000  559.73206  721.74000    1.05000 -522.41827 4499.06179  110.46662    5.21448  115.68110
  11.00000  559.73206  614.33000    1.04300 -590.59272 4397.86107   71.45316    5.21448   76.66764
  12.00000  559.73206  531.05000    1.03800 -642.23610 4308.35124   45.60204    5.21448   50.81652
  13.00000  559.73206  530.48000    1.03800 -642.58440 4307.69547   45.44270    5.21448   50.65718
  14.00000  559.73206  510.77000    1.03700 -654.65982 4284.68898   39.99660    5.21448   45.21108
  15.00000  559.73206  507.23000    1.03700 -656.82182 4280.47311   39.04940    5.21448   44.26388
  16.00000  559.73206  502.42000    1.03700 -659.75745 4274.70553   37.77570    5.21448   42.99018
  17.00000  559.73206  429.52000    1.03200 -703.90613 4180.49958   20.77247    5.21448   25.98695
  18.00000  559.73206  368.47000    1.02800 -740.42993 4089.39883   10.49935    5.21448   15.71383
  19.00000   84.54260  306.04000    3.72800 -1338.53920  337.48918    0.21154    0.21118    0.42272
  20.00000   84.54260  408.77000    3.61600 -1301.99486  440.39826    7.10262    0.21118    7.31380
  21.00000   85.28130  413.16000    3.61600 -1311.76734  448.14869    7.64394    0.21302    7.85696
  22.00000   64.75095  413.16000    3.61600 -995.97673  340.26283    5.80376    0.16174    5.96550
  23.00000    6.45048  413.16000    3.61600  -99.21903   33.89693    0.57817    0.01611    0.59428
  24.00000    6.45048  413.64000   25.13100  -99.19684   33.91436    0.59533    0.01611    0.61145
  25.00000    6.45048  489.77000   24.37700  -97.03304   38.71274    1.37648    0.01611    1.39260
  26.00000    6.45048  495.77000   24.37700  -84.94730   63.09278    6.43710    0.01611    6.45321
  27.00000    6.45048  511.05000   23.15800  -84.59871   63.92104    6.54703    0.01611    6.56314
  28.00000   64.75095  578.29000   23.15800 -838.10888  662.10542   70.93254    0.16174   71.09428
  29.00000   64.75095  833.78000   22.00000 -800.97651  716.84931   92.29046    0.16174   92.45220
  30.00000   64.75095  590.38000    4.10000 -833.25548  720.83475   58.86321    0.16174   59.02495
  31.00000   19.79165  487.23000    4.10000 -258.89337  212.50478   16.04450    0.04944   16.09393
  32.00000   19.79165  419.52000    4.31600 -261.83143  205.54713   15.11128    0.04944   15.16071
  33.00000    0.73869  419.52000    4.31600   -9.77238    7.67167    0.56400    0.00185    0.56585
  34.00000   20.53034  413.16000    3.61600 -315.79061  107.88586    1.84018    0.05128    1.89146
  35.00000   20.53034  413.17000    4.31600 -315.78863  107.88689    1.84186    0.05128    1.89314
  36.00000   20.53034  419.52000    4.31600 -271.60379  213.21879   15.67528    0.05128   15.72656
  37.00000   58.30047  413.16000    3.61600 -896.75766  306.36589    5.22559    0.14563    5.37122
  38.00000   58.30047  414.90000  134.56300 -895.82598  306.63101    6.08087    0.14563    6.22650
  39.00000   58.30047  598.32000  130.52600 -844.14699  408.67918   28.35469    0.14563   28.50031
  40.00000   58.30047  604.32000  130.52600 -775.93519  521.57229   64.03634    0.14563   64.18196
  41.00000   58.30047  833.78000  124.00000 -726.76117  593.79841   92.39840    0.14563   92.54403
  42.00000   58.30047  586.35000   23.15800 -753.51018  598.04670   64.42518    0.14563   64.57081
  43.00000   84.54261  566.18000    4.10000 -1092.14888  933.89628   74.74728    0.21118   74.95846
  44.00000   84.54260  306.03000    0.05000 -1148.38641  958.95544   11.28883    0.21118   11.50001
  45.00000   84.54260  306.03000    0.05000 -1338.57328  337.47993    0.18012    0.21118    0.39130
  46.00000 16987.30273  288.23000    1.01300 -245.20753 115964.31491    0.00021   47.93600   47.93620
  47.00000  391.95892  288.15000    1.01300 -6235.20706 1465.94005    0.00000    0.97907    0.97907
  48.00000  242.67575  294.15000    1.01300 -3854.34346  928.55300    0.06258    0.60617    0.66876
  49.00000 17136.58594  281.95000    1.01300 -1959.60242 117129.94213    1.17093   25.92824   27.09917
  50.00000 24267.57422  296.03000    1.33300 -385243.20047 93500.37360   11.51134   60.61741   72.12875
  51.00000 24267.57422  294.15000    1.01300 -385434.33233 92855.29681    6.25835   60.61741   66.87576
  52.00000 24267.57422  294.15000    1.37400 -385433.38740 92855.52498    7.13753   60.61741   67.75495
