   0.00000    0.00000    0.00000    0.00000   -0.00000    0.00000    0.00000    0.00000    0.00000
   1.00000  587.28741  288.15000    1.01300  -58.26878 4031.81402    0.00000    0.91415    0.91415
   2.00000  587.28741  666.05000   17.00000  171.34050 4061.50183  221.05474    0.91415  221.96890
   3.00000   13.38002  873.15000   50.00000  -37.91962  171.51513   19.84246  689.52166  709.36412
   4.00000  600.66742 1568.55000   16.49000  124.87711 4908.00747  723.27242    5.03548  728.30790
   5.00000  600.66742  873.02000    1.05800 -400.33875 4951.49461  185.52574    5.03548  190.56122
   6.00000  256.60971  873.02000    1.05800 -171.02777 2115.31633   79.25801    2.15120   81.40921
   7.00000  256.60971  734.58000    1.05000 -212.47900 2064.22839   52.52778    2.15120   54.67897
   8.00000  344.05771  873.02000    1.05800 -229.31098 2836.17828  106.26772    2.88428  109.15201
   9.00000  344.05771  724.82000    1.05000 -288.73869 2762.40342   68.09824    2.88428   70.98252
  10.00000  600.66742  729.00000    1.05000 -501.21768 4826.64691  120.62167    5.03548  125.65715
  11.00000  600.66742  614.33000    1.04300 -579.09694 4711.57094   75.90155    5.03548   80.93703
  12.00000  600.66742  525.29000    1.03800 -638.09123 4608.71768   46.54442    5.03548   51.57990
  13.00000  600.66742  525.01000    1.03800 -638.27714 4608.36418   46.46038    5.03548   51.49586
  14.00000  600.66742  510.77000    1.03700 -647.60117 4590.56297   42.26576    5.03548   47.30124
  15.00000  600.66742  508.21000    1.03700 -649.27057 4587.32034   41.53072    5.03548   46.56620
  16.00000  600.66742  503.29000    1.03700 -652.48937 4581.00687   40.13115    5.03548   45.16663
  17.00000  600.66742  429.52000    1.03200 -700.26680 4479.14093   21.70640    5.03548   26.74188
  18.00000  600.66742  366.73000    1.02800 -740.43807 4378.69363   10.47902    5.03548   15.51450
  19.00000   92.98585  306.04000    3.72800 -1472.21871  371.19412    0.23267    0.23227    0.46494
  20.00000   92.98585  408.77000    3.61600 -1432.02471  484.38070    7.81196    0.23227    8.04423
  21.00000   93.79831  413.16000    3.61600 -1442.77309  492.90515    8.40733    0.23430    8.64163
  22.00000   71.58035  413.16000    3.61600 -1101.02406  376.15092    6.41589    0.17880    6.59469
  23.00000    4.98078  413.16000    3.61600  -76.61265   26.17374    0.44644    0.01244    0.45888
  24.00000    4.98078  413.64000   25.13100  -76.59552   26.18721    0.45969    0.01244    0.47213
  25.00000    4.98078  489.77000   24.37700  -74.92472   29.89231    1.06286    0.01244    1.07530
  26.00000    4.98078  495.77000   24.37700  -65.59263   48.71752    4.97045    0.01244    4.98289
  27.00000    4.98078  505.29000   23.15800  -65.40657   49.19351    5.01935    0.01244    5.03179
  28.00000   71.58034  594.14000   23.15800 -923.84747  736.47372   79.76534    0.17880   79.94414
  29.00000   71.58034  853.02000   22.00000 -882.37222  796.11411  104.05521    0.17880  104.23401
  30.00000   71.58035  605.22000    4.10000 -918.95395  800.51995   66.20407    0.17880   66.38286
  31.00000   21.40551  488.21000    4.10000 -279.96021  229.92274   17.37074    0.05347   17.42421
  32.00000   21.40551  419.52000    4.31600 -283.18170  222.30786   16.34348    0.05347   16.39695
  33.00000    0.81246  419.52000    4.31600  -10.74835    8.43784    0.62033    0.00203    0.62236
  34.00000   22.21797  413.16000    3.61600 -341.74905  116.75423    1.99144    0.05550    2.04694
  35.00000   22.21797  413.17000    4.31600 -341.74691  116.75535    1.99326    0.05550    2.04876
  36.00000   22.21796  419.52000    4.31600 -293.93002  230.74568   16.96381    0.05550   17.01931
  37.00000   66.59956  413.16000    3.61600 -1024.41141  349.97718    5.96945    0.16636    6.13581
  38.00000   66.59956  414.90000  134.56300 -1023.34711  350.28004    6.94649    0.16636    7.11284
  39.00000   66.59956  598.32000  130.52600 -964.31159  466.85479   32.39098    0.16636   32.55734
  40.00000   66.59956  604.32000  130.52600 -886.38982  595.81827   73.15193    0.16636   73.31829
  41.00000   66.59956  853.02000  124.00000 -826.92824  682.22410  107.71567    0.16636  107.88203
  42.00000   66.59956  601.42000   23.15800 -858.44098  687.10537   74.79640    0.16636   74.96275
  43.00000   92.98586  578.27000    4.10000 -1198.91422 1031.19640   83.35764    0.23227   83.58990
  44.00000   92.98585  306.03000    0.05000 -1261.71256 1059.17948   12.49584    0.23227   12.72811
  45.00000   92.98585  306.03000    0.05000 -1472.25620  371.18395    0.19811    0.23227    0.43038
  46.00000 18805.53711  288.15000    1.01300 -1865.82529 129102.76354    0.00002   29.27210   29.27212
  47.00000  364.18671  288.15000    1.01300 -5793.41199 1362.07099    0.00000    0.90969    0.90969
  48.00000  268.65054  294.15000    1.01300 -4266.89301 1027.94065    0.06928    0.67106    0.74034
  49.00000 18901.07422  288.28000    1.01300 -2966.94124 130129.54489    0.00144   26.98248   26.98392
  50.00000 26865.05469  296.03000    1.33300 -426477.71695 103508.18864   12.74346   67.10560   79.84905
  51.00000 26865.05469  294.15000    1.01300 -426689.30661 102794.06604    6.92822   67.10560   74.03381
  52.00000 26865.05469  294.15000    1.37400 -426688.26054 102794.31863    7.90150   67.10560   75.00710
