   0.00000    0.00000    0.00000    0.00000   -0.00000    0.00000    0.00000    0.00000    0.00000
   1.00000  592.97034  288.15000    1.01300  -58.83262 4070.82812    0.00000    0.92300    0.92300
   2.00000  592.97034  666.05000   17.00000  172.99849 4100.80320  223.19379    0.92300  224.11679
   3.00000   13.50949  773.15000   50.00000  -43.67885  166.62092   16.53068  696.19387  712.72455
   4.00000  606.47986 1561.78000   16.49000  120.69954 4952.05930  725.87686    5.08421  730.96107
   5.00000  606.47986  868.87000    1.05800 -407.19615 4995.98285  185.32460    5.08421  190.40881
   6.00000  259.09280  868.87000    1.05800 -173.95729 2134.32184   79.17208    2.17201   81.34409
   7.00000  259.09280  731.55000    1.05000 -215.43775 2082.97158   52.48820    2.17201   54.66021
   8.00000  347.38702  868.87000    1.05800 -233.23884 2861.66076  106.15252    2.91219  109.06471
   9.00000  347.38702  724.37000    1.05000 -291.71254 2788.88596   68.64888    2.91219   71.56107
  10.00000  606.47986  727.44000    1.05000 -507.15031 4871.86606  121.13470    5.08421  126.21891
  11.00000  606.47986  614.33000    1.04300 -584.70065 4757.16309   76.63602    5.08421   81.72022
  12.00000  606.47986  526.53000    1.03800 -643.44590 4654.87357   47.36549    5.08421   52.44970
  13.00000  606.47986  526.19000    1.03800 -643.66907 4654.45010   47.26434    5.08421   52.34855
  14.00000  606.47986  510.77000    1.03700 -653.86777 4634.98417   42.67475    5.08421   47.75896
  15.00000  606.47986  508.00000    1.03700 -655.69378 4631.43374   41.87180    5.08421   46.95601
  16.00000  606.47986  503.10000    1.03700 -658.92630 4625.09111   40.46691    5.08421   45.55112
  17.00000  606.47986  429.52000    1.03200 -707.04302 4522.48394   21.91644    5.08421   27.00065
  18.00000  606.47986  367.11000    1.02800 -747.36148 4421.72292   10.63227    5.08421   15.71648
  19.00000   93.32664  306.04000    3.72800 -1477.61434  372.55453    0.23352    0.23312    0.46664
  20.00000   93.32664  408.77000    3.61600 -1437.27303  486.15594    7.84059    0.23312    8.07371
  21.00000   94.14207  413.16000    3.61600 -1246.19937  983.29319   69.51476    0.23516   69.74992
  22.00000   71.76633  413.16000    3.61600 -950.00192  749.58344   52.99245    0.17926   53.17171
  23.00000    5.44801  413.16000    3.61600  -72.11768   56.90327    4.02283    0.01361    4.03643
  24.00000    5.44801  413.64000   25.13100  -83.78068   28.64374    0.50281    0.01361    0.51642
  25.00000    5.44801  489.77000   24.37700  -81.95315   32.69640    1.16256    0.01361    1.17617
  26.00000    5.44801  495.77000   24.37700  -81.80253   33.00202    1.22510    0.01361    1.23871
  27.00000    5.44801  506.53000   23.15800  -71.52230   53.84740    5.49874    0.01361    5.51235
  28.00000   71.76632  590.61000   23.15800 -926.83750  737.39180   79.66976    0.17926   79.84902
  29.00000   71.76632  848.87000   22.00000 -885.33338  797.39694  103.88340    0.17926  104.06267
  30.00000   71.76633  602.01000    4.10000 -921.81581  801.81426   66.12824    0.17926   66.30751
  31.00000   21.56031  488.00000    4.10000 -281.99441  231.56594   17.49245    0.05385   17.54630
  32.00000   21.56031  419.52000    4.31600 -285.22964  223.91557   16.46168    0.05385   16.51553
  33.00000    0.81544  419.52000    4.31600  -10.78773    8.46876    0.62260    0.00204    0.62464
  34.00000   22.37575  413.16000    3.61600 -296.19743  233.70973   16.52231    0.05589   16.57820
  35.00000   22.37575  413.17000    4.31600 -344.17381  117.58449    2.00742    0.05589    2.06331
  36.00000   22.37575  419.52000    4.31600 -296.01737  232.38433   17.08428    0.05589   17.14017
  37.00000   66.31831  413.16000    3.61600 -877.88421  692.68015   48.96962    0.16565   49.13528
  38.00000   66.31831  414.90000  134.56300 -1019.02551  348.80080    6.91715    0.16565    7.08281
  39.00000   66.31831  598.32000  130.52600 -960.23930  464.88326   32.25420    0.16565   32.41985
  40.00000   66.31831  604.32000  130.52600 -882.64659  593.30214   72.84301    0.16565   73.00867
  41.00000   66.31831  848.87000  124.00000 -824.13993  678.51597  106.79530    0.16565  106.96096
  42.00000   66.31831  598.16000   23.15800 -855.31526  683.37096   74.22101    0.16565   74.38666
  43.00000   93.32664  575.65000    4.10000 -1203.81025 1034.10527   83.41177    0.23312   83.64489
  44.00000   93.32664  306.03000    0.05000 -1266.63134 1062.09850   12.52443    0.23312   12.75755
  45.00000   93.32664  306.03000    0.05000 -1477.65197  372.54433    0.19884    0.23312    0.43196
  46.00000 18848.14062  288.15000    1.01300 -1870.05228 129395.24291    0.00002   29.33842   29.33844
  47.00000  365.01175  288.15000    1.01300 -5806.53661 1365.15668    0.00000    0.91175    0.91175
  48.00000  269.25916  294.15000    1.01300 -4276.55940 1030.26939    0.06944    0.67258    0.74202
  49.00000 18943.89258  288.28000    1.01300 -2973.66253 130424.33944    0.00144   27.04361   27.04505
  50.00000 26925.91602  296.03000    1.33300 -427443.87914 103742.68084   12.77232   67.25762   80.02995
  51.00000 26925.91602  294.15000    1.01300 -427655.94815 103026.94044    6.94391   67.25762   74.20153
  52.00000 26925.91602  294.15000    1.37400 -427654.89972 103027.19360    7.91940   67.25762   75.17702
