   0.00000    0.00000    0.00000    0.00000   -0.00000    0.00000    0.00000    0.00000    0.00000
   1.00000  597.10529  288.15000    1.01300  -59.24288 4099.21514    0.00000    0.92944    0.92944
   2.00000  597.10529  666.05000   17.00000  174.20486 4129.39925  224.75019    0.92944  225.67962
   3.00000   13.60369  288.15000   50.00000  -63.78972  129.32580    7.92104  701.04860  708.96964
   4.00000  610.70898 1537.17000   16.49000  101.85873 4973.88826  714.91644    5.11966  720.03610
   5.00000  610.70898  817.42000    1.05800 -447.02792 4986.93571  162.27017    5.11966  167.38983
   6.00000  260.89954  817.42000    1.05800 -190.97374 2130.45697   69.32305    2.18716   71.51021
   7.00000  260.89954  696.32000    1.05000 -227.43932 2082.78811   46.59326    2.18716   48.78041
   8.00000  349.80945  817.42000    1.05800 -256.05418 2856.47874   92.94711    2.93250   95.87962
   9.00000  349.80945  715.92000    1.05000 -297.12959 2803.63611   67.09831    2.93250   70.03082
  10.00000  610.70898  707.56000    1.05000 -524.56891 4886.48975  113.67268    5.11966  118.79234
  11.00000  610.70898  614.33000    1.04300 -588.77788 4790.33594   77.17043    5.11966   82.29009
  12.00000  610.70898  542.27000    1.03800 -637.41839 4707.00951   52.54044    5.11966   57.66010
  13.00000  610.70898  540.90000    1.03800 -638.33216 4705.32280   52.11269    5.11966   57.23235
  14.00000  610.70898  510.77000    1.03700 -658.42734 4667.30500   42.97233    5.11966   48.09199
  15.00000  610.70898  505.35000    1.03700 -662.02520 4660.25793   41.40509    5.11966   46.52475
  16.00000  610.70898  500.77000    1.03700 -665.06595 4654.26523   40.09113    5.11966   45.21079
  17.00000  610.70898  429.52000    1.03200 -711.97340 4554.02028   22.06927    5.11966   27.18893
  18.00000  610.70898  371.96000    1.02800 -749.42864 4461.06574   11.39888    5.11966   16.51854
  19.00000   86.70004  306.04000    3.72800 -1372.69722  346.10152    0.21694    0.21657    0.43351
  20.00000   86.70004  408.77000    3.61600 -1335.22031  451.63673    7.28388    0.21657    7.50044
  21.00000   87.45757  413.16000    3.61600 -1157.71373  913.47505   64.57891    0.21846   64.79737
  22.00000   65.64421  413.16000    3.61600 -868.96082  685.63929   48.47186    0.16397   48.63583
  23.00000   10.73446  413.16000    3.61600 -142.09666  112.11904    7.92635    0.02681    7.95317
  24.00000   10.73446  413.64000   25.13100 -165.07679   56.43803    0.99071    0.02681    1.01753
  25.00000   10.73446  489.77000   24.37700 -161.47593   64.42317    2.29065    0.02681    2.31746
  26.00000   10.73446  495.77000   24.37700 -161.17918   65.02535    2.41387    0.02681    2.44068
  27.00000   10.73446  522.27000   23.15800 -140.44918  107.02041   11.04299    0.02681   11.06980
  28.00000   65.64420  552.11000   23.15800 -853.82910  663.87954   69.87353    0.16397   70.03750
  29.00000   65.64420  797.42000   22.00000 -817.34594  720.21503   90.12361    0.16397   90.28758
  30.00000   65.64421  562.49000    4.10000 -848.51103  724.25382   57.79488    0.16397   57.95885
  31.00000   21.05583  485.35000    4.10000 -275.51235  225.90879   17.03574    0.05259   17.08833
  32.00000   21.05583  419.52000    4.31600 -278.55565  218.67625   16.07649    0.05259   16.12909
  33.00000    0.75754  419.52000    4.31600  -10.02176    7.86745    0.57839    0.00189    0.58029
  34.00000   21.81337  413.16000    3.61600 -288.75296  227.83579   16.10705    0.05449   16.16154
  35.00000   21.81337  413.17000    4.31600 -335.52353  114.62918    1.95696    0.05449    2.01145
  36.00000   21.81336  419.52000    4.31600 -288.57741  226.54369   16.65489    0.05449   16.70938
  37.00000   54.90975  413.16000    3.61600 -726.86414  573.52024   40.54551    0.13716   40.68267
  38.00000   54.90975  414.90000  134.56300 -843.72528  288.79754    5.72721    0.13716    5.86437
  39.00000   54.90975  598.32000  130.52600 -795.05191  384.91064   26.70559    0.13716   26.84275
  40.00000   54.90975  604.32000  130.52600 -730.80726  491.23797   60.31202    0.13716   60.44918
  41.00000   54.90975  797.42000  124.00000 -689.71158  552.86350   83.65031    0.13716   83.78747
  42.00000   54.90975  558.22000   23.15800 -713.37994  556.80832   58.84518    0.13716   58.98234
  43.00000   86.70004  543.68000    4.10000 -1124.02335  950.51158   74.73005    0.21657   74.94662
  44.00000   86.70004  306.03000    0.05000 -1180.11578  975.50650   11.43533    0.21657   11.65190
  45.00000   86.70004  306.03000    0.05000 -1372.73217  346.09204    0.18472    0.21657    0.40128
  46.00000 17204.29492  288.15000    1.01300 -1706.95516 118110.00166    0.00002   26.77966   26.77968
  47.00000  333.17715  288.15000    1.01300 -5300.11801 1246.09418    0.00000    0.83224    0.83224
  48.00000  245.77563  294.15000    1.01300 -3903.57795  940.41412    0.06338    0.61392    0.67730
  49.00000 17291.69531  288.28000    1.01300 -2714.31362 119049.34177    0.00131   24.68499   24.68631
  50.00000 24577.56250  296.03000    1.33300 -390164.20644 94694.72537   11.65838   61.39172   73.05011
  51.00000 24577.56250  294.15000    1.01300 -390357.77978 94041.40852    6.33830   61.39172   67.73002
  52.00000 24577.56250  294.15000    1.37400 -390356.82278 94041.63960    7.22871   61.39172   68.62043
