   0.00000    0.00000    0.00000    0.00000   -0.00000    0.00000    0.00000    0.00000    0.00000
   1.00000  617.14386  288.15000    1.01300  -61.27249 4236.80464    0.00000    0.96042    0.96042
   2.00000  617.14386  666.05000   17.00000  180.01050 4268.00190  232.29350    0.96042  233.25392
   3.00000   13.50063  873.15000   50.00000  -38.26144  173.06124   20.02133  695.73730  715.75863
   4.00000  630.64453 1537.17000   16.49000  133.05156 5130.74884  736.59280    4.99546  741.58825
   5.00000  630.64453  852.96000    1.05800 -406.15891 5176.48324  184.20395    4.99546  189.19941
   6.00000  269.41614  852.96000    1.05800 -173.51418 2211.43299   78.69333    2.13410   80.82743
   7.00000  269.41614  720.17000    1.05000 -215.01001 2159.18868   52.25169    2.13410   54.38579
   8.00000  361.22836  852.96000    1.05800 -232.64472 2965.05000  105.51061    2.86136  108.37197
   9.00000  361.22836  722.33000    1.05000 -287.39299 2896.23380   70.59173    2.86136   73.45309
  10.00000  630.64453  721.41000    1.05000 -502.40302 5055.42352  122.84320    4.99546  127.83866
  11.00000  630.64453  614.33000    1.04300 -578.53774 4942.38659   79.28008    4.99546   84.27554
  12.00000  630.64453  531.33000    1.03800 -636.21109 4842.45726   50.40137    4.99546   55.39682
  13.00000  630.64453  530.74000    1.03800 -636.61256 4841.70178   50.21759    4.99546   55.21305
  14.00000  630.64453  510.77000    1.03700 -650.32716 4815.57673   44.03092    4.99546   49.02638
  15.00000  630.64453  507.18000    1.03700 -652.78265 4810.78798   42.95531    4.99546   47.95076
  16.00000  630.64453  502.38000    1.03700 -656.06900 4804.33099   41.52954    4.99546   46.52500
  17.00000  630.64453  429.52000    1.03200 -705.52308 4698.80229   22.48355    4.99546   27.47901
  18.00000  630.64453  368.58000    1.02800 -746.39357 4596.87810   10.98251    4.99546   15.97797
  19.00000   94.60520  306.04000    3.72800 -1497.85749  377.65849    0.23672    0.23631    0.47303
  20.00000   94.60520  408.77000    3.61600 -1456.96350  492.81622    7.94801    0.23631    8.18432
  21.00000   95.43181  413.16000    3.61600 -1263.27213  996.76418   70.46711    0.23838   70.70548
  22.00000   72.43407  413.16000    3.61600 -958.84108  756.55784   53.48551    0.18093   53.66644
  23.00000    7.32616  413.16000    3.61600  -96.97955   76.52012    5.40966    0.01830    5.42796
  24.00000    7.32616  413.64000   25.13100 -112.66325   38.51839    0.67615    0.01830    0.69445
  25.00000    7.32616  489.77000   24.37700 -110.20570   43.96817    1.56335    0.01830    1.58165
  26.00000    7.32616  495.77000   24.37700 -110.00317   44.37915    1.64744    0.01830    1.66574
  27.00000    7.32616  511.33000   23.15800  -96.07748   72.61009    7.43838    0.01830    7.45668
  28.00000   72.43406  577.64000   23.15800 -937.66858  740.47340   79.29261    0.18093   79.47354
  29.00000   72.43406  832.96000   22.00000 -896.15021  801.74880  103.15448    0.18093  103.33541
  30.00000   72.43407  589.75000    4.10000 -932.22054  806.20710   65.79961    0.18093   65.98055
  31.00000   22.17113  487.18000    4.10000 -290.02137  238.04894   17.97257    0.05538   18.02795
  32.00000   22.17113  419.52000    4.31600 -293.31047  230.25932   16.92805    0.05538   16.98343
  33.00000    0.82661  419.52000    4.31600  -10.93553    8.58479    0.63113    0.00206    0.63320
  34.00000   22.99774  413.16000    3.61600 -304.43106  240.20634   16.98159    0.05745   17.03904
  35.00000   22.99774  413.17000    4.31600 -353.74108  120.85307    2.06322    0.05745    2.12066
  36.00000   22.99774  419.52000    4.31600 -304.24600  238.84410   17.55918    0.05745   17.61663
  37.00000   65.10790  413.16000    3.61600 -861.86147  680.03767   48.07585    0.16263   48.23848
  38.00000   65.10790  414.90000  134.56300 -1000.42673  342.43465    6.79090    0.16263    6.95353
  39.00000   65.10790  598.32000  130.52600 -942.71346  456.39843   31.66551    0.16263   31.82814
  40.00000   65.10790  604.32000  130.52600 -866.53693  582.47347   71.51352    0.16263   71.67615
  41.00000   65.10790  832.96000  124.00000 -811.75883  662.96780  103.09718    0.16263  103.25981
  42.00000   65.10790  585.71000   23.15800 -841.59113  667.71090   71.89816    0.16263   72.06079
  43.00000   94.60520  565.66000    4.10000 -1222.24193 1044.87338   83.59431    0.23631   83.83062
  44.00000   94.60520  306.03000    0.05000 -1285.13225 1072.89713   12.62895    0.23631   12.86526
  45.00000   94.60520  306.03000    0.05000 -1497.89563  377.64814    0.20156    0.23631    0.43787
  46.00000 19003.81055  288.23000    1.01300 -274.31532 129730.06398    0.00023   53.62632   53.62656
  47.00000  438.48709  288.15000    1.01300 -6975.36819 1639.95702    0.00000    1.09529    1.09529
  48.00000  271.48300  294.15000    1.01300 -4311.88007 1038.77851    0.07001    0.67813    0.74814
  49.00000 19170.81445  281.95000    1.01300 -2192.22048 131034.05746    1.30993   29.00610   30.31603
  50.00000 27148.30078  296.03000    1.33300 -430974.19569 104599.50561   12.87781   67.81311   80.69092
  51.00000 27148.30078  294.15000    1.01300 -431188.01621 103877.85381    7.00126   67.81311   74.81437
  52.00000 27148.30078  294.15000    1.37400 -431186.95911 103878.10906    7.98481   67.81311   75.79792
