    1.000000
    1.000000
    0.012819
    0.000497
    0.000000
    0.000000
    0.006308
    0.000000
    0.000000
    0.000000
    0.750436
    0.229940
    0.000000
    2.000000
    2.000000
    0.012819
    0.000497
    0.000000
    0.000000
    0.006308
    0.000000
    0.000000
    0.000000
    0.750436
    0.229940
    0.000000
    3.000000
    3.000000
    0.000000
    0.000000
    0.000000
    0.000000
    0.000000
    1.000000
    0.000000
    0.000000
    0.000000
    0.000000
    0.000000
    4.000000
    4.000000
    0.012518
    0.064834
    0.000000
    0.000000
    0.058824
    0.000000
    0.000000
    0.000000
    0.732838
    0.130986
    0.000000
    5.000000
    5.000000
    0.012518
    0.064834
    0.000000
    0.000000
    0.058824
    0.000000
    0.000000
    0.000000
    0.732838
    0.130986
    0.000000
    6.000000
    6.000000
    0.012518
    0.064834
    0.000000
    0.000000
    0.058824
    0.000000
    0.000000
    0.000000
    0.732838
    0.130986
    0.000000
    7.000000
    7.000000
    0.012518
    0.064834
    0.000000
    0.000000
    0.058824
    0.000000
    0.000000
    0.000000
    0.732838
    0.130986
    0.000000
    8.000000
    8.000000
    0.012518
    0.064834
    0.000000
    0.000000
    0.058824
    0.000000
    0.000000
    0.000000
    0.732838
    0.130986
    0.000000
    9.000000
    9.000000
    0.000000
    0.000000
    0.000000
    0.000000
    1.000000
    0.000000
    0.000000
    0.000000
    0.000000
    0.000000
    0.000000
   10.000000
   10.000000
    0.000000
    0.000000
    0.000000
    0.000000
    1.000000
    0.000000
    0.000000
    0.000000
    0.000000
    0.000000
    0.000000
   11.000000
   11.000000
    0.000000
    0.000000
    0.000000
    0.000000
    1.000000
    0.000000
    0.000000
    0.000000
    0.000000
    0.000000
    0.000000
   12.000000
   12.000000
    0.000000
    0.000000
    0.000000
    0.000000
    1.000000
    0.000000
    0.000000
    0.000000
    0.000000
    0.000000
    0.000000
   13.000000
   13.000000
    0.000000
    0.000000
    0.000000
    0.000000
    1.000000
    0.000000
    0.000000
    0.000000
    0.000000
    0.000000
    0.000000
   14.000000
   14.000000
    0.000000
    0.000000
    0.000000
    0.000000
    1.000000
    0.000000
    0.000000
    0.000000
    0.000000
    0.000000
    0.000000
   15.000000
   15.000000
    0.000000
    0.000000
    0.000000
    0.000000
    1.000000
    0.000000
    0.000000
    0.000000
    0.000000
    0.000000
    0.000000
   16.000000
   16.000000
    0.000000
    0.000000
    0.000000
    0.000000
    1.000000
    0.000000
    0.000000
    0.000000
    0.000000
    0.000000
    0.000000
   17.000000
   17.000000
    0.000000
    0.000000
    0.000000
    0.000000
    1.000000
    0.000000
    0.000000
    0.000000
    0.000000
    0.000000
    0.000000
   18.000000
   18.000000
    0.000000
    0.000000
    0.000000
    0.000000
    1.000000
    0.000000
    0.000000
    0.000000
    0.000000
    0.000000
    0.000000
   19.000000
   19.000000
    0.000000
    0.000000
    0.000000
    0.000000
    1.000000
    0.000000
    0.000000
    0.000000
    0.000000
    0.000000
    0.000000
   20.000000
   20.000000
    0.000000
    0.000000
    0.000000
    0.000000
    1.000000
    0.000000
    0.000000
    0.000000
    0.000000
    0.000000
    0.000000
  100.000000
  100.000000
    0.000000
    0.000000
    0.000000
    0.000000
    1.000000
    0.000000
    0.000000
    0.000000
    0.000000
    0.000000
    0.000000
  101.000000
  101.000000
    0.000000
    0.000000
    0.000000
    0.000000
    1.000000
    0.000000
    0.000000
    0.000000
    0.000000
    0.000000
    0.000000
  110.000000
  110.000000
    0.000000
    0.000000
    0.000000
    0.000000
    1.000000
    0.000000
    0.000000
    0.000000
    0.000000
    0.000000
    0.000000
  111.000000
  111.000000
    0.000000
    0.000000
    0.000000
    0.000000
    1.000000
    0.000000
    0.000000
    0.000000
    0.000000
    0.000000
    0.000000
  300.000000
  300.000000
    0.000000
    0.000000
    0.000000
    0.000000
    1.000000
    0.000000
    0.000000
    0.000000
    0.000000
    0.000000
    0.000000
  301.000000
  301.000000
    0.000000
    0.000000
    0.000000
    0.000000
    1.000000
    0.000000
    0.000000
    0.000000
    0.000000
    0.000000
    0.000000
  302.000000
  302.000000
    0.000000
    0.000000
    0.000000
    0.000000
    1.000000
    0.000000
    0.000000
    0.000000
    0.000000
    0.000000
    0.000000
