 
 
 1.0000       1.000  288.15   1.013        -0.015         6.826    0.000    0.003    0.003
 2.0000      35.004  423.15  17.000         4.261       224.174    9.025    0.099    9.123
 3.0000      28.396  423.15  17.000         3.457       181.856    7.321    0.080    7.401
 4.0000       6.608  423.15  17.000         0.804        42.317    1.704    0.019    1.722
 5.0000      29.396 1757.59  16.490        -1.745       247.003   42.506    0.464   42.970
 6.0000       6.608  423.15  16.490         0.804        42.375    1.687    0.019    1.706
 7.0000      36.004 1547.54  16.490        -0.956       294.202   42.875    0.415   43.290
 8.0000       1.000  298.15  17.000        -4.667        10.141    0.422   51.534   51.955
