    1.000000
    1.000000
  614.499875
   15.000000
    1.013000
   -1.000000
    2.000000
    2.000000
  614.499875
  392.903029
   17.000000
   -1.000000
    3.000000
    3.000000
   13.999990
   15.000000
   50.000000
   -1.000000
    4.000000
    4.000000
  628.499865
 1264.019894
   16.490000
   -1.000000
    5.000000
    5.000000
  628.499865
  580.632110
    1.058250
   -1.000000
    6.000000
    6.000000
  268.499942
  580.632110
    1.058250
   -1.000000
    7.000000
    7.000000
  268.499942
  447.610429
    1.050050
   -1.000000
    8.000000
    8.000000
  359.999923
  580.632110
    1.058250
   -1.000000
    9.000000
    9.000000
  359.999923
  449.294837
    1.050050
   -1.000000
   10.000000
   10.000000
  628.499865
  448.575329
    1.050050
   -1.000000
   11.000000
   11.000000
  628.499865
  341.175430
    1.043450
   -1.000000
   12.000000
   12.000000
  628.499865
  257.918200
    1.038350
   -1.000000
   13.000000
   13.000000
  628.499865
  257.349702
    1.038347
   -1.000000
   14.000000
   14.000000
  628.499865
  237.618961
    1.037147
   -1.000000
   15.000000
   15.000000
  628.499865
  234.077234
    1.036947
   -1.000000
   16.000000
   16.000000
  628.499865
  229.268757
    1.036647
   -1.000000
   17.000000
   17.000000
  628.499865
  156.373177
    1.032147
   -1.000000
   18.000000
   18.000000
  628.499865
   95.341734
    1.028347
   -1.000000
   19.000000
   19.000000
   94.579789
   32.892371
    3.727618
   -1.000000
   20.000000
   20.000000
   94.579789
  135.615000
    3.615789
   -1.000000
   21.000000
   21.000000
   95.406176
  140.007625
    3.615789
   -1.000000
   22.000000
   22.000000
   72.433794
  140.007625
    3.615789
   -1.000000
   23.000000
   23.000000
    7.224819
  140.007625
    3.615789
   -1.000000
   24.000000
   24.000000
    7.224819
  140.485104
   25.130651
   -1.000000
   25.000000
   25.000000
    7.224819
  216.617630
   24.376731
   -1.000000
   26.000000
   26.000000
    7.224818
  222.617630
   24.376731
   -1.000000
   27.000000
   27.000000
    7.224818
  237.918197
   23.157895
   -1.000000
   28.000000
   28.000000
   72.433790
  305.135580
   23.157895
   -1.000000
   29.000000
   29.000000
   72.433790
  560.632107
   22.000000
   -1.000000
   30.000000
   30.000000
   72.433796
  317.230477
    4.100000
   -1.000000
   31.000000
   31.000000
   22.145994
  214.077232
    4.100000
   -1.000000
   32.000000
   32.000000
   22.145994
  146.372345
    4.315789
   -1.000000
   33.000000
   33.000000
    0.826387
  146.372345
    4.315789
   -1.000000
   34.000000
   34.000000
   22.972382
  140.007625
    3.615789
   -1.000000
   35.000000
   35.000000
   22.972382
  140.019538
    4.315789
   -1.000000
   36.000000
   36.000000
   22.972381
  146.372345
    4.315789
   -1.000000
   37.000000
   37.000000
   65.208975
  140.007625
    3.615789
   -1.000000
   38.000000
   38.000000
   65.208975
  141.751599
  134.563212
   -1.000000
   39.000000
   39.000000
   65.208975
  325.171497
  130.526316
   -1.000000
   40.000000
   40.000000
   65.208974
  331.171495
  130.526316
   -1.000000
   41.000000
   41.000000
   65.208974
  560.632107
  124.000000
   -1.000000
   42.000000
   42.000000
   65.208972
  313.202287
   23.157895
   -1.000000
   43.000000
   43.000000
   94.579790
  293.027878
    4.100000
   -1.000000
   44.000000
   44.000000
   94.579788
   32.875490
    0.050000
    0.928432
   45.000000
   45.000000
   94.579789
   32.875490
    0.050000
   -1.000000
   46.000000
   46.000000
19004.032189
   15.000000
    1.013000
   -1.000000
   47.000000
   47.000000
  368.030742
   15.000000
    1.013000
   -1.000000
   48.000000
   48.000000
  271.486174
   21.000000
    1.013000
   -1.000000
   49.000000
   49.000000
19100.576757
   15.127392
    1.013000
   -1.000000
   50.000000
   50.000000
27148.617413
   22.875490
    1.333000
   -1.000000
   51.000000
   51.000000
27148.617413
   21.000000
    1.013000
   -1.000000
   52.000000
   52.000000
27148.617413
   21.001213
    1.374000
   -1.000000
