    1.0000
    1.0000
    0.0128
    0.0005
    0.0000
    0.0000
    0.0063
    0.0000
    0.0000
    0.0000
    0.7504
    0.2299
    0.0000
    2.0000
    2.0000
    0.0128
    0.0005
    0.0000
    0.0000
    0.0063
    0.0000
    0.0000
    0.0000
    0.7504
    0.2299
    0.0000
    3.0000
    3.0000
    0.0000
    0.0000
    0.0000
    0.0000
    0.0000
    1.0000
    0.0000
    0.0000
    0.0000
    0.0000
    0.0000
    4.0000
    4.0000
    0.0125
    0.0616
    0.0000
    0.0000
    0.0562
    0.0000
    0.0000
    0.0000
    0.7337
    0.1360
    0.0000
    5.0000
    5.0000
    0.0125
    0.0616
    0.0000
    0.0000
    0.0562
    0.0000
    0.0000
    0.0000
    0.7337
    0.1360
    0.0000
    6.0000
    6.0000
    0.0125
    0.0616
    0.0000
    0.0000
    0.0562
    0.0000
    0.0000
    0.0000
    0.7337
    0.1360
    0.0000
    7.0000
    7.0000
    0.0125
    0.0616
    0.0000
    0.0000
    0.0562
    0.0000
    0.0000
    0.0000
    0.7337
    0.1360
    0.0000
    8.0000
    8.0000
    0.0125
    0.0616
    0.0000
    0.0000
    0.0562
    0.0000
    0.0000
    0.0000
    0.7337
    0.1360
    0.0000
    9.0000
    9.0000
    0.0125
    0.0616
    0.0000
    0.0000
    0.0562
    0.0000
    0.0000
    0.0000
    0.7337
    0.1360
    0.0000
   10.0000
   10.0000
    0.0125
    0.0616
    0.0000
    0.0000
    0.0562
    0.0000
    0.0000
    0.0000
    0.7337
    0.1360
    0.0000
   11.0000
   11.0000
    0.0125
    0.0616
    0.0000
    0.0000
    0.0562
    0.0000
    0.0000
    0.0000
    0.7337
    0.1360
    0.0000
   12.0000
   12.0000
    0.0125
    0.0616
    0.0000
    0.0000
    0.0562
    0.0000
    0.0000
    0.0000
    0.7337
    0.1360
    0.0000
   13.0000
   13.0000
    0.0125
    0.0616
    0.0000
    0.0000
    0.0562
    0.0000
    0.0000
    0.0000
    0.7337
    0.1360
    0.0000
   14.0000
   14.0000
    0.0125
    0.0616
    0.0000
    0.0000
    0.0562
    0.0000
    0.0000
    0.0000
    0.7337
    0.1360
    0.0000
   15.0000
   15.0000
    0.0125
    0.0616
    0.0000
    0.0000
    0.0562
    0.0000
    0.0000
    0.0000
    0.7337
    0.1360
    0.0000
   16.0000
   16.0000
    0.0125
    0.0616
    0.0000
    0.0000
    0.0562
    0.0000
    0.0000
    0.0000
    0.7337
    0.1360
    0.0000
   17.0000
   17.0000
    0.0125
    0.0616
    0.0000
    0.0000
    0.0562
    0.0000
    0.0000
    0.0000
    0.7337
    0.1360
    0.0000
   18.0000
   18.0000
    0.0125
    0.0616
    0.0000
    0.0000
    0.0562
    0.0000
    0.0000
    0.0000
    0.7337
    0.1360
    0.0000
   19.0000
   19.0000
    0.0000
    0.0000
    0.0000
    0.0000
    0.0000
    0.0000
    0.0000
    0.0000
    0.0000
    0.0000
    0.0000
   20.0000
   20.0000
    0.0000
    0.0000
    0.0000
    0.0000
    0.0000
    0.0000
    0.0000
    0.0000
    0.0000
    0.0000
    0.0000
   21.0000
   21.0000
    0.0000
    0.0000
    0.0000
    0.0000
    0.0000
    0.0000
    0.0000
    0.0000
    0.0000
    0.0000
    0.0000
   22.0000
   22.0000
    0.0000
    0.0000
    0.0000
    0.0000
    0.0000
    0.0000
    0.0000
    0.0000
    0.0000
    0.0000
    0.0000
   23.0000
   23.0000
    0.0000
    0.0000
    0.0000
    0.0000
    0.0000
    0.0000
    0.0000
    0.0000
    0.0000
    0.0000
    0.0000
   24.0000
   24.0000
    0.0000
    0.0000
    0.0000
    0.0000
    0.0000
    0.0000
    0.0000
    0.0000
    0.0000
    0.0000
    0.0000
   25.0000
   25.0000
    0.0000
    0.0000
    0.0000
    0.0000
    0.0000
    0.0000
    0.0000
    0.0000
    0.0000
    0.0000
    0.0000
   26.0000
   26.0000
    0.0000
    0.0000
    0.0000
    0.0000
    0.0000
    0.0000
    0.0000
    0.0000
    0.0000
    0.0000
    0.0000
   27.0000
   27.0000
    0.0000
    0.0000
    0.0000
    0.0000
    0.0000
    0.0000
    0.0000
    0.0000
    0.0000
    0.0000
    0.0000
   28.0000
   28.0000
    0.0000
    0.0000
    0.0000
    0.0000
    0.0000
    0.0000
    0.0000
    0.0000
    0.0000
    0.0000
    0.0000
   29.0000
   29.0000
    0.0000
    0.0000
    0.0000
    0.0000
    0.0000
    0.0000
    0.0000
    0.0000
    0.0000
    0.0000
    0.0000
   30.0000
   30.0000
    0.0000
    0.0000
    0.0000
    0.0000
    0.0000
    0.0000
    0.0000
    0.0000
    0.0000
    0.0000
    0.0000
   31.0000
   31.0000
    0.0000
    0.0000
    0.0000
    0.0000
    0.0000
    0.0000
    0.0000
    0.0000
    0.0000
    0.0000
    0.0000
   32.0000
   32.0000
    0.0000
    0.0000
    0.0000
    0.0000
    0.0000
    0.0000
    0.0000
    0.0000
    0.0000
    0.0000
    0.0000
   33.0000
   33.0000
    0.0000
    0.0000
    0.0000
    0.0000
    0.0000
    0.0000
    0.0000
    0.0000
    0.0000
    0.0000
    0.0000
   34.0000
   34.0000
    0.0000
    0.0000
    0.0000
    0.0000
    0.0000
    0.0000
    0.0000
    0.0000
    0.0000
    0.0000
    0.0000
   35.0000
   35.0000
    0.0000
    0.0000
    0.0000
    0.0000
    0.0000
    0.0000
    0.0000
    0.0000
    0.0000
    0.0000
    0.0000
   36.0000
   36.0000
    0.0000
    0.0000
    0.0000
    0.0000
    0.0000
    0.0000
    0.0000
    0.0000
    0.0000
    0.0000
    0.0000
   37.0000
   37.0000
    0.0000
    0.0000
    0.0000
    0.0000
    0.0000
    0.0000
    0.0000
    0.0000
    0.0000
    0.0000
    0.0000
   38.0000
   38.0000
    0.0000
    0.0000
    0.0000
    0.0000
    0.0000
    0.0000
    0.0000
    0.0000
    0.0000
    0.0000
    0.0000
   39.0000
   39.0000
    0.0000
    0.0000
    0.0000
    0.0000
    0.0000
    0.0000
    0.0000
    0.0000
    0.0000
    0.0000
    0.0000
   40.0000
   40.0000
    0.0000
    0.0000
    0.0000
    0.0000
    0.0000
    0.0000
    0.0000
    0.0000
    0.0000
    0.0000
    0.0000
   41.0000
   41.0000
    0.0000
    0.0000
    0.0000
    0.0000
    0.0000
    0.0000
    0.0000
    0.0000
    0.0000
    0.0000
    0.0000
   42.0000
   42.0000
    0.0000
    0.0000
    0.0000
    0.0000
    0.0000
    0.0000
    0.0000
    0.0000
    0.0000
    0.0000
    0.0000
   43.0000
   43.0000
    0.0000
    0.0000
    0.0000
    0.0000
    0.0000
    0.0000
    0.0000
    0.0000
    0.0000
    0.0000
    0.0000
   44.0000
   44.0000
    0.0000
    0.0000
    0.0000
    0.0000
    0.0000
    0.0000
    0.0000
    0.0000
    0.0000
    0.0000
    0.0000
   45.0000
   45.0000
    0.0000
    0.0000
    0.0000
    0.0000
    0.0000
    0.0000
    0.0000
    0.0000
    0.0000
    0.0000
    0.0000
   46.0000
   46.0000
    0.0128
    0.0005
    0.0000
    0.0000
    0.0063
    0.0000
    0.0000
    0.0000
    0.7504
    0.2299
    0.0000
   47.0000
   47.0000
    0.0000
    0.0000
    0.0000
    0.0000
    0.0000
    0.0000
    0.0000
    0.0000
    0.0000
    0.0000
    0.0000
   48.0000
   48.0000
    0.0000
    0.0000
    0.0000
    0.0000
    0.0000
    0.0000
    0.0000
    0.0000
    0.0000
    0.0000
    0.0000
   49.0000
   49.0000
    0.0128
    0.0005
    0.0000
    0.0000
    0.0106
    0.0000
    0.0000
    0.0000
    0.7466
    0.2288
    0.0000
   50.0000
   50.0000
    0.0000
    0.0000
    0.0000
    0.0000
    0.0000
    0.0000
    0.0000
    0.0000
    0.0000
    0.0000
    0.0000
   51.0000
   51.0000
    0.0000
    0.0000
    0.0000
    0.0000
    0.0000
    0.0000
    0.0000
    0.0000
    0.0000
    0.0000
    0.0000
   52.0000
   52.0000
    0.0000
    0.0000
    0.0000
    0.0000
    0.0000
    0.0000
    0.0000
    0.0000
    0.0000
    0.0000
    0.0000
   57.0000
   57.0000
    0.0000
    0.0000
    0.0000
    0.0000
    0.0000
    1.0000
    0.0000
    0.0000
    0.0000
    0.0000
    0.0000
  100.0000
  100.0000
    0.0000
    0.0000
    0.0000
    0.0000
    0.0000
    0.0000
    0.0000
    0.0000
    0.0000
    0.0000
    0.0000
  101.0000
  101.0000
    0.0000
    0.0000
    0.0000
    0.0000
    0.0000
    0.0000
    0.0000
    0.0000
    0.0000
    0.0000
    0.0000
  102.0000
  102.0000
    0.0000
    0.0000
    0.0000
    0.0000
    0.0000
    0.0000
    0.0000
    0.0000
    0.0000
    0.0000
    0.0000
  103.0000
  103.0000
    0.0000
    0.0000
    0.0000
    0.0000
    0.0000
    0.0000
    0.0000
    0.0000
    0.0000
    0.0000
    0.0000
  104.0000
  104.0000
    0.0000
    0.0000
    0.0000
    0.0000
    0.0000
    0.0000
    0.0000
    0.0000
    0.0000
    0.0000
    0.0000
  105.0000
  105.0000
    0.0000
    0.0000
    0.0000
    0.0000
    0.0000
    0.0000
    0.0000
    0.0000
    0.0000
    0.0000
    0.0000
  106.0000
  106.0000
    0.0000
    0.0000
    0.0000
    0.0000
    0.0000
    0.0000
    0.0000
    0.0000
    0.0000
    0.0000
    0.0000
  107.0000
  107.0000
    0.0000
    0.0000
    0.0000
    0.0000
    0.0000
    0.0000
    0.0000
    0.0000
    0.0000
    0.0000
    0.0000
  108.0000
  108.0000
    0.0000
    0.0000
    0.0000
    0.0000
    0.0000
    0.0000
    0.0000
    0.0000
    0.0000
    0.0000
    0.0000
  109.0000
  109.0000
    0.0000
    0.0000
    0.0000
    0.0000
    0.0000
    0.0000
    0.0000
    0.0000
    0.0000
    0.0000
    0.0000
  316.0000
  316.0000
    0.0000
    0.0000
    0.0000
    0.0000
    0.0000
    0.0000
    0.0000
    0.0000
    0.0000
    0.0000
    0.0000
  317.0000
  317.0000
    0.0000
    0.0000
    0.0000
    0.0000
    0.0000
    0.0000
    0.0000
    0.0000
    0.0000
    0.0000
    0.0000
  318.0000
  318.0000
    0.0000
    0.0000
    0.0000
    0.0000
    0.0000
    0.0000
    0.0000
    0.0000
    0.0000
    0.0000
    0.0000
  319.0000
  319.0000
    0.0000
    0.0000
    0.0000
    0.0000
    0.0000
    0.0000
    0.0000
    0.0000
    0.0000
    0.0000
    0.0000
  320.0000
  320.0000
    0.0000
    0.0000
    0.0000
    0.0000
    0.0000
    0.0000
    0.0000
    0.0000
    0.0000
    0.0000
    0.0000
  420.0000
  420.0000
    0.0000
    0.0000
    0.0000
    0.0000
    0.0000
    0.0000
    0.0000
    0.0000
    0.0000
    0.0000
    0.0000
  600.0000
  600.0000
    0.0128
    0.0005
    0.0000
    0.0000
    0.0063
    0.0000
    0.0000
    0.0000
    0.7504
    0.2299
    0.0000
  601.0000
  601.0000
    0.0128
    0.0005
    0.0000
    0.0000
    0.0063
    0.0000
    0.0000
    0.0000
    0.7504
    0.2299
    0.0000
  602.0000
  602.0000
    0.0125
    0.0754
    0.0000
    0.0000
    0.0675
    0.0000
    0.0000
    0.0000
    0.7299
    0.1147
    0.0000
  604.0000
  604.0000
    0.0128
    0.0005
    0.0000
    0.0000
    0.0063
    0.0000
    0.0000
    0.0000
    0.7504
    0.2299
    0.0000
 1000.0000
 1000.0000
    0.0000
    0.0000
    0.0000
    0.0000
    0.0000
    0.0000
    0.0000
    0.0000
    0.0000
    0.0000
    0.0000
 1003.0000
 1003.0000
    0.0000
    0.0000
    0.0000
    0.0000
    0.0000
    0.0000
    0.0000
    0.0000
    0.0000
    0.0000
    0.0000
 1005.0000
 1005.0000
    0.0000
    0.0000
    0.0000
    0.0000
    0.0000
    0.0000
    0.0000
    0.0000
    0.0000
    0.0000
    0.0000
 1006.0000
 1006.0000
    0.0000
    0.0000
    0.0000
    0.0000
    0.0000
    0.0000
    0.0000
    0.0000
    0.0000
    0.0000
    0.0000
 1007.0000
 1007.0000
    0.0000
    0.0000
    0.0000
    0.0000
    0.0000
    0.0000
    0.0000
    0.0000
    0.0000
    0.0000
    0.0000
 1008.0000
 1008.0000
    0.0000
    0.0000
    0.0000
    0.0000
    0.0000
    0.0000
    0.0000
    0.0000
    0.0000
    0.0000
    0.0000
 1009.0000
 1009.0000
    0.0000
    0.0000
    0.0000
    0.0000
    0.0000
    0.0000
    0.0000
    0.0000
    0.0000
    0.0000
    0.0000
 1010.0000
 1010.0000
    0.0000
    0.0000
    0.0000
    0.0000
    0.0000
    0.0000
    0.0000
    0.0000
    0.0000
    0.0000
    0.0000
 1011.0000
 1011.0000
    0.0000
    0.0000
    0.0000
    0.0000
    0.0000
    0.0000
    0.0000
    0.0000
    0.0000
    0.0000
    0.0000
 1012.0000
 1012.0000
    0.0000
    0.0000
    0.0000
    0.0000
    0.0000
    0.0000
    0.0000
    0.0000
    0.0000
    0.0000
    0.0000
 1234.0000
 1234.0000
    0.0000
    0.0000
    0.0000
    0.0000
    0.0000
    0.0000
    0.0000
    0.0000
    0.0000
    0.0000
    0.0000
 1235.0000
 1235.0000
    0.0000
    0.0000
    0.0000
    0.0000
    0.0000
    0.0000
    0.0000
    0.0000
    0.0000
    0.0000
    0.0000
 2000.0000
 2000.0000
    0.0000
    0.0000
    0.0000
    0.0000
    0.0000
    0.0000
    0.0000
    0.0000
    0.0000
    0.0000
    0.0000
 2001.0000
 2001.0000
    0.0000
    0.0000
    0.0000
    0.0000
    0.0000
    0.0000
    0.0000
    0.0000
    0.0000
    0.0000
    0.0000
 2002.0000
 2002.0000
    0.0000
    0.0000
    0.0000
    0.0000
    0.0000
    0.0000
    0.0000
    0.0000
    0.0000
    0.0000
    0.0000
 2003.0000
 2003.0000
    0.0000
    0.0000
    0.0000
    0.0000
    0.0000
    0.0000
    0.0000
    0.0000
    0.0000
    0.0000
    0.0000
 2004.0000
 2004.0000
    0.0000
    0.0000
    0.0000
    0.0000
    0.0000
    0.0000
    0.0000
    0.0000
    0.0000
    0.0000
    0.0000
 2005.0000
 2005.0000
    0.0000
    0.0000
    0.0000
    0.0000
    0.0000
    0.0000
    0.0000
    0.0000
    0.0000
    0.0000
    0.0000
 2006.0000
 2006.0000
    0.0000
    0.0000
    0.0000
    0.0000
    0.0000
    0.0000
    0.0000
    0.0000
    0.0000
    0.0000
    0.0000
