 
 
 1.0000     298.150    1.01   1.000         0.000        42.882  551.736    1.658  553.394
 2.0000     473.150   10.00   1.000      3109.681      3177.734 3132.700    2.631 3135.331
 3.0000     298.150   20.00   1.000      3513.519      3515.553 4890.795 ******** ********
 4.0000    1929.150   10.00   1.000      6479.912     11659.752 ********   30.557 ********
 5.0000    1500.000   10.00   1.000     10013.103     10157.437 9922.059  131.966 ********
 6.0000     298.150    1.01   1.000     -4761.720      1048.170   -0.028    0.745    0.717
 7.0000     298.150    1.01   1.000         0.000         0.000    0.000    0.000    0.000
 8.0000    1500.000   10.00   1.000    -16441.578      6157.365 2922.287   24.964 2947.251
 9.0000    1500.000   10.00   1.000      5013.541      8219.489 ********  253.680 ********
 10.0000   1500.000   10.00   1.000     10013.103     10157.437 9922.059  131.966 ********
 11.0000   1500.000   10.00   1.000      8988.468      9132.802 9178.341  131.966 9310.307
 12.0000   1500.000   10.00   1.000      8988.468      9132.802 9178.341  131.966 9310.307
 13.0000   1500.000   10.00   1.000      8988.468      9132.802 9178.341  131.966 9310.307
 14.0000   1500.000   10.00   1.000      8988.468      9132.802 9178.341  131.966 9310.307
 15.0000   1500.000   10.00   1.000      8988.468      9132.802 9178.341  131.966 9310.307
 16.0000   1500.000   10.00   1.000      8988.468      9132.802 9178.341  131.966 9310.307
 17.0000   1500.000   10.00   1.000      8988.468      9132.802 9178.341  131.966 9310.307
 18.0000   1500.000   10.00   1.000      8988.468      9132.802 9178.341  131.966 9310.307
 19.0000   1500.000   10.00   1.000      8988.468      9132.802 9178.341  131.966 9310.307
 20.0000    323.150    1.01   1.000         0.000         0.000    0.000    0.000    0.000
 21.0000    323.150    1.01   1.000         0.000         0.000    0.000    0.000    0.000
 22.0000    323.150    1.01   1.000         0.000         0.000    0.000    0.000    0.000
 23.0000    323.150    1.01   1.000         0.000         0.000    0.000    0.000    0.000
 24.0000    323.150    1.01   1.000         0.000         0.000    0.000    0.000    0.000
 25.0000    323.150    1.01   1.000         0.000         0.000    0.000    0.000    0.000
 26.0000    323.150    1.01   1.000         0.000         0.000    0.000    0.000    0.000
 27.0000    323.150    1.01   1.000         0.000         0.000    0.000    0.000    0.000
 28.0000    323.150    1.01   1.000         0.000         0.000    0.000    0.000    0.000
 29.0000    323.150    1.01   1.000         0.000         0.000    0.000    0.000    0.000
 30.0000    323.150    1.01   1.000         0.000         0.000    0.000    0.000    0.000
 31.0000    323.150    1.01   1.000         0.000         0.000    0.000    0.000    0.000
 32.0000    323.150    1.01   1.000         0.000         0.000    0.000    0.000    0.000
 33.0000    323.150    1.01   1.000         0.000         0.000    0.000    0.000    0.000
 34.0000    323.150    1.01   1.000         0.000         0.000    0.000    0.000    0.000
 35.0000    323.150    1.01   1.000         0.000         0.000    0.000    0.000    0.000
