    1.0000
    1.0000
  614.4999
   15.0000
    1.0130
   -1.0000
    2.0000
    2.0000
  614.4999
  392.9030
   17.0000
   -1.0000
    3.0000
    3.0000
   14.0000
   15.0000
   50.0000
   -1.0000
    4.0000
    4.0000
  628.4999
 1264.0199
   16.4900
   -1.0000
    5.0000
    5.0000
  628.4999
  580.6321
    1.0582
   -1.0000
    6.0000
    6.0000
  268.4999
  580.6321
    1.0582
   -1.0000
    7.0000
    7.0000
  268.4999
  447.6104
    1.0500
   -1.0000
    8.0000
    8.0000
  359.9999
  580.6321
    1.0582
   -1.0000
    9.0000
    9.0000
  359.9999
  449.2948
    1.0500
   -1.0000
   10.0000
   10.0000
  628.4999
  448.5753
    1.0500
   -1.0000
   11.0000
   11.0000
  628.4999
  341.1754
    1.0434
   -1.0000
   12.0000
   12.0000
  628.4999
  257.9182
    1.0384
   -1.0000
   13.0000
   13.0000
  628.4999
  257.3497
    1.0383
   -1.0000
   14.0000
   14.0000
  628.4999
  237.6190
    1.0371
   -1.0000
   15.0000
   15.0000
  628.4999
  234.0772
    1.0369
   -1.0000
   16.0000
   16.0000
  628.4999
  229.2688
    1.0366
   -1.0000
   17.0000
   17.0000
  628.4999
  156.3732
    1.0321
   -1.0000
   18.0000
   18.0000
  628.4999
   95.3417
    1.0283
   -1.0000
   19.0000
   19.0000
   94.5798
   32.8924
    3.7276
   -1.0000
   20.0000
   20.0000
   94.5798
  135.6150
    3.6158
   -1.0000
   21.0000
   21.0000
   95.4062
  140.0076
    3.6158
   -1.0000
   22.0000
   22.0000
   72.4338
  140.0076
    3.6158
   -1.0000
   23.0000
   23.0000
    7.2248
  140.0076
    3.6158
   -1.0000
   24.0000
   24.0000
    7.2248
  140.4851
   25.1307
   -1.0000
   25.0000
   25.0000
    7.2248
  216.6176
   24.3767
   -1.0000
   26.0000
   26.0000
    7.2248
  222.6176
   24.3767
   -1.0000
   27.0000
   27.0000
    7.2248
  237.9182
   23.1579
   -1.0000
   28.0000
   28.0000
   72.4338
  305.1356
   23.1579
   -1.0000
   29.0000
   29.0000
   72.4338
  560.6321
   22.0000
   -1.0000
   30.0000
   30.0000
   72.4338
  317.2305
    4.1000
   -1.0000
   31.0000
   31.0000
   22.1460
  214.0772
    4.1000
   -1.0000
   32.0000
   32.0000
   22.1460
  146.3723
    4.3158
   -1.0000
   33.0000
   33.0000
    0.8264
  146.3723
    4.3158
   -1.0000
   34.0000
   34.0000
   22.9724
  140.0076
    3.6158
   -1.0000
   35.0000
   35.0000
   22.9724
  140.0195
    4.3158
   -1.0000
   36.0000
   36.0000
   22.9724
  146.3723
    4.3158
   -1.0000
   37.0000
   37.0000
   65.2090
  140.0076
    3.6158
   -1.0000
   38.0000
   38.0000
   65.2090
  141.7516
  134.5632
   -1.0000
   39.0000
   39.0000
   65.2090
  325.1715
  130.5263
   -1.0000
   40.0000
   40.0000
   65.2090
  331.1715
  130.5263
   -1.0000
   41.0000
   41.0000
   65.2090
  560.6321
  124.0000
   -1.0000
   42.0000
   42.0000
   65.2090
  313.2023
   23.1579
   -1.0000
   43.0000
   43.0000
   94.5798
  293.0279
    4.1000
   -1.0000
   44.0000
   44.0000
   94.5798
   32.8755
    0.0500
   -1.0000
   45.0000
   45.0000
   94.5798
   32.8755
    0.0500
   -1.0000
   46.0000
   46.0000
19004.0322
   15.0000
    1.0130
   -1.0000
   47.0000
   47.0000
  368.0307
   15.0000
    1.0130
   -1.0000
   48.0000
   48.0000
  271.4862
   21.0000
    1.0130
   -1.0000
   49.0000
   49.0000
19100.5768
   15.1274
    1.0130
   -1.0000
   50.0000
   50.0000
27148.6174
   22.8755
    1.3330
   -1.0000
   51.0000
   51.0000
27148.6174
   21.0000
    1.0130
   -1.0000
   52.0000
   52.0000
27148.6174
   21.0012
    1.3740
   -1.0000
   57.0000
   57.0000
   14.0000
   15.0000
   17.0000
   -1.0000
  100.0000
  100.0000
    0.0000
    0.0000
    0.0000
   -1.0000
  101.0000
  101.0000
    0.0000
    0.0000
    0.0000
   -1.0000
  102.0000
  102.0000
    0.0000
    0.0000
    0.0000
   -1.0000
  103.0000
  103.0000
    0.0000
    0.0000
    0.0000
   -1.0000
  104.0000
  104.0000
    0.0000
    0.0000
    0.0000
   -1.0000
  105.0000
  105.0000
    0.0000
    0.0000
    0.0000
   -1.0000
  106.0000
  106.0000
    0.0000
    0.0000
    0.0000
   -1.0000
  107.0000
  107.0000
    0.0000
    0.0000
    0.0000
   -1.0000
  108.0000
  108.0000
    0.0000
    0.0000
    0.0000
   -1.0000
  109.0000
  109.0000
    0.0000
    0.0000
    0.0000
   -1.0000
  316.0000
  316.0000
    0.0000
    0.0000
    0.0000
   -1.0000
  317.0000
  317.0000
    0.0000
    0.0000
    0.0000
   -1.0000
  318.0000
  318.0000
    0.0000
    0.0000
    0.0000
   -1.0000
  319.0000
  319.0000
    0.0000
    0.0000
    0.0000
   -1.0000
  320.0000
  320.0000
    0.0000
    0.0000
    0.0000
   -1.0000
  420.0000
  420.0000
    0.0000
   32.8755
    0.0500
   -1.0000
  600.0000
  600.0000
  498.5007
  392.9030
   17.0000
   -1.0000
  601.0000
  601.0000
  115.9991
  392.9030
   17.0000
   -1.0000
  602.0000
  602.0000
  512.5007
 1435.0267
   16.4900
   -1.0000
  604.0000
  604.0000
  115.9991
  392.9030
   16.4900
   -1.0000
 1000.0000
 1000.0000
    0.0000
    0.0000
    0.0000
   -1.0000
 1003.0000
 1003.0000
    0.0000
    0.0000
    0.0000
   -1.0000
 1005.0000
 1005.0000
    1.0000
    0.0000
    0.0100
   -1.0000
 1006.0000
 1006.0000
    0.0000
    0.0000
    0.0000
   -1.0000
 1007.0000
 1007.0000
    0.0000
    0.0000
    0.0000
   -1.0000
 1008.0000
 1008.0000
    0.0000
    0.0000
    0.0000
   -1.0000
 1009.0000
 1009.0000
    0.0000
    0.0000
    0.0000
   -1.0000
 1010.0000
 1010.0000
    1.0000
    0.0000
    0.0100
   -1.0000
 1011.0000
 1011.0000
    1.0000
    0.0000
    0.0100
   -1.0000
 1012.0000
 1012.0000
    1.0000
    0.0000
    0.0100
   -1.0000
 1234.0000
 1234.0000
    0.0000
    0.0000
    0.0000
   -1.0000
 1235.0000
 1235.0000
   14.0000
    0.0000
    0.0000
   -1.0000
 2000.0000
 2000.0000
    0.0000
    0.0000
    0.0000
   -1.0000
 2001.0000
 2001.0000
    0.0000
    0.0000
    0.0000
   -1.0000
 2002.0000
 2002.0000
    0.0000
    0.0000
    0.0000
   -1.0000
 2003.0000
 2003.0000
    0.0000
    0.0000
    0.0000
   -1.0000
 2004.0000
 2004.0000
    0.0000
    0.0000
    0.0000
   -1.0000
 2005.0000
 2005.0000
    0.0000
    0.0000
    0.0000
   -1.0000
 2006.0000
 2006.0000
    0.0000
    0.0000
    0.0000
   -1.0000
